[1,["edmCPY5jVGA6JIEkpxx3sp@73b7f","51+GFR9vpDoJ7tikA8L3rk","edmCPY5jVGA6JIEkpxx3sp@c2caa","e97JnWpA1Fi7HkKP4BuRM7","986qgGZkFHur6kochlZ0pd","ffY92GJnNMvIJlnmWvscXI@6c48a","a3zQCfCrBCDZJ4uf2rk5u8","edmCPY5jVGA6JIEkpxx3sp@a04af","edmCPY5jVGA6JIEkpxx3sp@438fe","edmCPY5jVGA6JIEkpxx3sp@cac3d","edmCPY5jVGA6JIEkpxx3sp@cf5ee","edmCPY5jVGA6JIEkpxx3sp@ee374","edmCPY5jVGA6JIEkpxx3sp@1a3f1","edmCPY5jVGA6JIEkpxx3sp@989ed","edmCPY5jVGA6JIEkpxx3sp@8e9e2","edmCPY5jVGA6JIEkpxx3sp@79e35","edmCPY5jVGA6JIEkpxx3sp@d2d2a","edmCPY5jVGA6JIEkpxx3sp@f39c0","edmCPY5jVGA6JIEkpxx3sp@963f8","edmCPY5jVGA6JIEkpxx3sp@f07f6"],["_parent","node","root","targetInfo","data","target","source","asset","collider","bowstring","value","projectile","mainTexture","_effectAsset","_mesh","_skeleton","_defaultClip"],[["cc.Node",["_name","_objFlags","__editorExtras__","_prefab","_parent","_lpos","_children","_lrot","_euler","_lscale","_components"],0,4,1,5,2,5,5,5,12],["cc.Node",["_name","_prefab","_children","_lrot","_euler","_lpos","_parent","_components"],2,4,12,5,5,5,1,9],["cc.Prefab",["_name"],2],["cc.Node",["_name","_parent","_children","_prefab","_lpos","_lrot","_euler"],2,1,9,4,5,5,5],["cc.RigidBody",["_group","_type","node","__prefab","_linearFactor","_angularFactor"],1,1,4,5,5],["cc.PrefabInstance",["fileId","prefabRootNode","propertyOverrides","mountedComponents"],2,1,9,9],["cc.Node",["_name","_parent","_children","_prefab","_lrot","_euler"],2,4,2,4,5,5],["92884HW7q1LLJQezcxPza27",["linearSpeed","node","__prefab","collider"],2,1,4,1],["cc.CompPrefabInfo",["fileId"],2],["cc.PrefabInfo",["fileId","instance","targetOverrides","root","asset","nestedPrefabInstanceRoots"],0,1,1,2],["cc.PrefabInfo",["fileId","targetOverrides","nestedPrefabInstanceRoots","root","instance","asset"],0,1,4,6],["cc.PrefabInfo",["fileId","instance","root","asset","targetOverrides","nestedPrefabInstanceRoots"],1,1,1,9,2],["cc.PrefabInfo",["fileId","instance","targetOverrides","nestedPrefabInstanceRoots","root","asset"],-1,1,1],["cc.TargetInfo",["localID"],2],["CCPropertyOverrideInfo",["value","propertyPath","targetInfo"],1,1],["CCPropertyOverrideInfo",["propertyPath","targetInfo","value"],2,1,8],["CCPropertyOverrideInfo",["propertyPath","targetInfo","value"],2,4,6],["cc.BoxCollider",["_isTrigger","node","__prefab","_size"],2,1,4,5],["cc.CapsuleCollider",["_radius","_cylinderHeight","node","__prefab","_center"],1,1,4,5],["099f7+8cvJLS4Ye1JPqEanz",["node","__prefab","projectile"],3,1,4,6],["cc.TargetOverrideInfo",["propertyPath","source","target","targetInfo"],2,1,1,4],["cc.MountedComponentsInfo",["targetInfo","components"],3,4,9],["6a855G0TBNEaKK/at0gCn9O",["node","__prefab"],3,1,4],["26cfehfkThC/4Ru/Gtrp+5y",["attackRange","node","__prefab","bow"],2,1,4,1],["9fa1e5awQ9BorjlrEbFG/Mw",["node","__prefab"],3,1,4],["cc.Material",["_name","_states","_defines","_props"],0,12],["cc.Skeleton",["_name","_hash","_joints","_bindposes"],0,12],["cc.Mesh",["_native","_hash","_struct"],1,11],["cc.SkeletalAnimation",["node","__prefab","_clips","_defaultClip"],3,1,4,3,6],["cc.SkinnedMeshRenderer",["_materials","node","__prefab","bakeSettings","_skinningRoot","_mesh","_skeleton"],2,1,4,4,1,6,6],["cc.ModelBakeSettings",[],3]],[[12,0,1,2,3,4,5,5],[0,0,4,6,3,5,7,8,2],[3,0,1,2,3,4,5,6,2],[0,0,4,3,5,2],[0,0,4,3,5,7,9,8,2],[8,0,2],[0,0,6,3,5,7,8,2],[13,0,2],[15,0,1,2,2],[0,0,4,6,3,5,2],[3,0,1,2,3,4,2],[20,0,1,2,3,2],[2,0,2],[0,0,6,10,3,2],[0,1,2,4,3,3],[0,0,4,3,5,7,8,2],[0,0,4,6,3,5,7,9,8,2],[1,0,2,1,5,3,4,2],[1,0,6,2,1,5,3,4,2],[10,0,1,2,3,4,5,4],[14,0,1,2,3],[2,1],[0,0,4,6,3,7,8,2],[1,0,2,7,1,2],[1,0,6,7,1,3,4,2],[6,0,1,2,3,4,5,2],[7,0,1,2,3,2],[4,0,1,2,3,3],[4,0,2,3,4,5,2],[9,0,1,2,3,4,5,4],[11,0,1,2,3,4,5,3],[5,0,1,2,2],[5,0,1,3,2,2],[16,0,1,2,2],[17,0,1,2,3,2],[18,0,1,2,3,4,3],[19,0,1,2,1],[21,0,1,1],[22,0,1,1],[23,0,1,2,3,2],[24,0,1,1],[25,0,1,2,3,4],[26,0,1,2,3,4],[27,0,1,2,3],[28,0,1,2,3,1],[29,0,1,2,3,4,5,6,2],[30,1]],[[[[12,"fishBonePro"],[13,"fishBonePro",[-7],[[[26,30,-4,[5,"7b9IM9rnBPkKardHuz94MQ"],-3],[27,8,4,-5,[5,"18NxigHnJIrIdwEa6jmTAc"]],-6],4,4,1],[29,"d7Ne8pbVZJkIo1juboOMyb",null,null,-2,0,[-1]]],[7,["ceaf23pBNGpIvFq49kP09H"]],[14,0,{},1,[19,"ceaf23pBNGpIvFq49kP09H",null,null,-8,[31,"f0ugBooAtJnrL2gFURNcOz",1,[[20,"fishBone",["_name"],2],[8,["_lpos"],2,[1,0,0,0]],[8,["_lrot"],2,[3,0,0,0,1]],[8,["_euler"],2,[1,0,0,0]]]],0]],[34,true,1,[5,"12A5KwRglAw5w5hdXSATnJ"],[1,4.152,0.401,1.167]]],0,[0,-1,3,0,2,1,0,8,4,0,1,1,0,1,1,0,-3,4,0,-1,3,0,2,3,0,4,1,8],[0],[7],[1]],[[[12,"Girl"],[13,"Girl",[-14],[[[35,1.15,2.66,-9,[5,"10uXCfk2FG/LSg9fs8i2Xz"],[1,0,2.6,0]],[28,2,-10,[5,"87KcCbb4tCT4a6/yCGRJEB"],[1,1,0,1],[1,0,1,0]],-11,-12,[36,-13,[5,"3bq31QKBxIXrb/9i+Est0i"],2]],4,4,1,1,4],[30,"bbQFgtb3hH+q+UmzpetieZ",null,-8,0,[[11,["skeletalAnimation"],-3,-2,[7,["42lGSM8VFWIo86G7xuYHdy"]]],[11,["bow"],-5,-4,[7,["0731XPh7hWLIObbMl6AU54"]]],[11,["bowstring"],-7,-6,[7,["fa5UzWdv1dvo9YTTCiHNgk"]]]],[-1]]],[14,0,{},1,[19,"f7Bx57gZ5a7ou4J15FqvTd",null,null,-21,[32,"79YNH0J2pBopBCg/8tITjB",1,[[37,[7,["f7Bx57gZ5a7ou4J15FqvTd"]],[[38,-20,[5,"69Ov1+ZmlNRqOHqh0G4KSd"]]]]],[[20,"girlAll",["_name"],-15],[8,["_lpos"],-16,[1,0,0,0]],[8,["_lrot"],-17,[3,0,1,0,6.123233995736766e-17]],[8,["_euler"],-18,[1,0,180,0]],[8,["_lscale"],-19,[1,6,6,6]],[33,["_materials","0"],[7,["31/f6waolUnIkQzSGfWcJ6"]],1]]],0]],[17,"Bip001 R Hand",[[-22,-23,-24,-25,-26,[15,"Dummy002",-27,[0,"3aGCVIXZdRcKPHdwC7uqLd",null,null,null,1,0],[1,0.03450006619095802,0.018686676397919655,0.01521114632487297],[3,0.5638265033965585,0.41234982161951356,0.4853908735083179,0.5257974881955961],[1,119.0547575743931,-31.073344749722327,77.27073360819213]]],1,1,1,1,1,4],[0,"0731XPh7hWLIObbMl6AU54",null,null,null,1,0],[1,0.06105039641261101,8.881783998477905e-18,-3.552713599391162e-17],[3,0.7030753619973374,-0.017934421400472834,0.07271941882251226,0.7071600087727382],[1,89.95437846914552,-7.3543683086881,4.452352704997763]],[6,"Bip001 L Hand",[-28,-29,-30,-31,-32],[0,"03yFNHkjNfRpIPrJyVeBtK",null,null,null,1,0],[1,0.061050377786159515,9.53674295089968e-9,-7.105427198782324e-17],[3,-0.7144342725158358,0.111606740465185,-0.04623899650436673,0.689194864272634],[1,-91.47602287395064,5.165893171861209,-12.897449149735285]],[7,["f7Bx57gZ5a7ou4J15FqvTd"]],[6,"Bip001 Neck",[-33,-34,-35],[0,"8240kITdFa/ocacDDlPChO",null,null,null,1,0],[1,0.07711206376552582,-0.009739127941429615,-8.344650304081824e-9],[3,4.714877457616836e-9,-2.6433554462002667e-7,0.09614657774214534,0.9953671863128719],[1,0.0000035151102916831204,-0.00003077114497055815,11.034631972013067]],[6,"Bip001 Spine",[-36,-37,-38],[0,"bfvErd9pRTZZNbe1ZfyxL/",null,null,null,1,0],[1,0.045756950974464417,0.0064048804342746735,0.000260389904724434],[3,0.00024655583641134635,0.00022167307991033524,0.02084114037924463,0.9997827448695832],[1,0.02774177637685625,0.024829085929717967,2.3883978271394595]],[18,"Bip001 Head",6,[[[3,"Bip001 HeadNub",-39,[0,"98Yg2/oMdQHY6x/2I8/eWw",null,null,null,1,0],[1,0.35453084111213684,0,2.38418573772492e-9]],-40,-41],4,1,1],[0,"e4DUlFYTFeNY3eP4prpEeb",null,null,null,1,0],[1,0.026934510096907616,0,-5.9604643443123e-10],[3,0.10486841247565104,0.021907178780710246,-0.10136050030137032,0.9890645785596422],[1,12.478388098457216,3.776847801804818,-11.297854204058197]],[39,30,1,[5,"4fu+RiuSVDZLD3mMr+uxLg"],3],[1,"Bip001 R Finger0",3,[-42],[0,"fa5UzWdv1dvo9YTTCiHNgk",null,null,null,1,0],[1,0.017356310039758682,0.002115593058988452,0.02539758011698723],[3,-0.6858700533658384,-0.3229400524887899,0.06109472009311929,0.6492760796234706],[1,-86.52420199765561,-23.171911696134778,31.48830410300995]],[40,1,[5,"00pUxfLIFMXpI4P4zfL5Uf"]],[6,"Bip001 R Forearm",[3],[0,"f7RLC2M91d4rKyGcDvYFKN",null,null,null,1,0],[1,0.1017434224486351,-4.76837147544984e-9,1.907348590179936e-8],[3,-2.4262054537756354e-17,-8.44222126182122e-17,-0.12089601228173463,0.9926651772951314],[1,-4.047712512224488e-15,-1.0238523013010255e-14,-13.887633603216281]],[6,"Bip001 R UpperArm",[12],[0,"f1PPoGB7JQv4iuAaUiAPgD",null,null,null,1,0],[1,0.038881316781044006,4.440891999238953e-18,7.105427198782324e-17],[3,-0.11422215422672302,-0.3721396929759139,0.06632053864010867,0.9187311546639122],[1,-9.443043725756803,-43.11197507576914,11.939263378394296]],[1,"Bip001 R Clavicle",6,[13],[0,"efgZnVQ1NeQ5MNE3PTDuOb",null,null,null,1,0],[1,-0.018177451565861702,0.008322220295667648,-0.02983182668685913],[3,-0.6300047647469138,0.1461948606045652,0.7627034201162924,0.002133558508156666],[1,-166.73334741033463,102.1012356167698,-10.42523773215863]],[1,"Bip001 Spine1",7,[6],[0,"7aQFseDWtZB5BlbpWpE1Ve",null,null,null,1,0],[1,0.06628330051898956,-0.00006604433292523026,-2.1457672971791908e-8],[3,-0.0003771991230880845,-0.006372651640381361,-0.08329768595807945,0.9965042611780046],[1,-0.10536308262288668,-0.7416104916091348,-9.555807303195161]],[25,"Bip001 Pelvis",[1,"Bip001",2,[-43],[0,"26F6wDlYFWALAHxZHI74MW",null,null,null,1,0],[1,-5.337736919130975e-9,0.18523341417312622,0.003088840516284108],[3,0.4094658597522618,0.5076655873861482,0.5764874365650119,-0.4922149901861172],[1,-90.00000635552597,-100.49998187701537,-8.72940234387954]],[7],[0,"b8aLXjrjRbN6ISlx85Flkp",null,null,null,1,0],[3,0.515778228657263,0.48522155076710244,0.5142670125372388,-0.4837998608209473],[1,-93.49696940751438,-89.9897455598853,0.16780844790000385]],[1,"Bip001 L Thigh",7,[-44],[0,"3eGf0osulcqqgVkzoDx7nl",null,null,null,1,0],[1,-0.04600675404071808,-0.004466218873858452,0.05210331082344055],[3,0.3840312365278287,0.9021412738582398,0.1576727481158349,-0.1174752564327474],[1,-29.761141110900983,-153.81908960806257,40.98455528647737]],[1,"Bip001 L Calf",17,[-45],[0,"84o5gbnpxXFL4jibu/ZE5M",null,null,null,1,0],[1,0.07578229904174805,9.53674295089968e-9,-4.76837147544984e-9],[3,-5.847122131394563e-18,-1.2585871333335624e-17,-0.42132955283421336,0.9069076071510932],[1,-1.8843134881366752e-15,-2.4656884113810236e-15,-49.83711241550999]],[1,"Bip001 L Foot",18,[-46],[0,"4f6phZCoZTy55fJhULjI55",null,null,null,1,0],[1,0.06843692809343338,-2.38418573772492e-9,4.76837147544984e-9],[3,-0.00023191676936281413,-0.07603620010345673,0.11526075032229774,0.990420820623022],[1,1.0045489327096044,-8.896387685975904,13.199864164948218]],[1,"Bip001 L Toe0",19,[-47],[0,"eahqUene1fj71JOBEEwghW",null,null,null,1,0],[1,0.05840127170085907,0.07515987753868103,8.881783998477905e-18],[3,-0.06909828679969818,0.06909784721543998,0.7037229585728415,0.7037221837124542],[1,-90.00033915028867,90.00030336015809,78.78428040337892]],[9,"Bip001 L Toe01",20,[-48],[0,"5avRt4MtFRr42cWu0f5Nq1",null,null,null,1,0],[1,0.0076175592839717865,3.469446874405432e-20,-1.776356799695581e-17]],[10,"Bip001 L Toe02",21,[[4,"Bip001 L Toe0Nub",-49,[0,"9e/z+4BXpWIbfdtdjZjJ5W",null,null,null,1,0],[1,0.007617530878633261,-9.313225537987968e-12,4.76837147544984e-9],[3,-1.4901160305669237e-8,-3.9613426594803845e-22,1,9.494107490944938e-16],[1,-1,-1,-1],[1,180,179.9999982924528,1.0879445789493756e-13]]],[0,"a6jCfaBBtQRpTMimkz/zsM",null,null,null,1,0],[1,0.00761754997074604,9.313225537987968e-12,0]],[1,"Bip001 R Thigh",7,[-50],[0,"a85Vn0YBVTJIh6hohs6vem",null,null,null,1,0],[1,-0.04596124589443207,-0.004518992733210325,-0.05265939235687256],[3,0.08050668813293034,0.9842916517559506,-0.13135257083735374,0.08622713948536025],[1,15.962671320933277,168.89073702417272,7.806722122914495]],[1,"Bip001 R Calf",23,[-51],[0,"4aYd/bD1NfwY1u0I1nlPqV",null,null,null,1,0],[1,0.07578229904174805,-2.38418573772492e-9,-1.776356799695581e-17],[3,2.6311173423000207e-17,-8.837088370029016e-18,-0.31838966312242256,0.9479599265880339],[1,3.1805546814635176e-15,0,-37.13113291589745]],[1,"Bip001 R Foot",24,[-52],[0,"32/ykiGfRfIZDBCxmbqlpE",null,null,null,1,0],[1,0.06843689829111099,0,0],[3,-0.0032016904945380517,0.10994311394889976,0.3145963839848424,0.942831573536259],[1,-5.3573606623505405,15.061623719094092,36.33595435545192]],[1,"Bip001 R Toe0",25,[-53],[0,"149veXr+xc64PNYNjaxspU",null,null,null,1,0],[1,0.05840126425027847,0.07515988498926163,4.76837147544984e-9],[3,-0.07787185934685677,0.07787179974221178,0.7028058195930621,0.7028057599884171],[1,-90.00002435727858,90.00001949804913,77.35468095084241]],[9,"Bip001 R Toe01",26,[-54],[0,"41sO568AlWCrXInF3PQWSC",null,null,null,1,0],[1,0.007617554627358913,1.734723437202716e-20,9.53674295089968e-9]],[10,"Bip001 R Toe02",27,[[3,"Bip001 R Toe0Nub",-55,[0,"7cXOdAHDlbO6SOLrRP2mVi",null,null,null,1,0],[1,0.007617554627358913,1.734723437202716e-20,0]]],[0,"4dQhKcMkpdr6ubQIP8LoHQ",null,null,null,1,0],[1,0.00761754997074604,-9.313225537987968e-12,0]],[1,"Bip001 L Clavicle",6,[-56],[0,"3eYnWA70RY1KBz4R3JDru9",null,null,null,1,0],[1,-0.018177451565861702,0.008322052657604218,0.029831836000084877],[3,0.7064135087452785,0.031307675001294694,0.6872280848594006,0.166485265199892],[1,168.47614655694133,-86.8134430270087,15.846378301471834]],[1,"Bip001 L UpperArm",29,[-57],[0,"bdKvvNUxFbupIXGfhMVNxy",null,null,null,1,0],[1,0.0388813354074955,-3.5762786065873797e-9,0],[3,0.20365558520252103,0.4284036448196478,-0.027201324641991733,0.879917500484438],[1,22.631565210609242,50.46237478521509,7.274534787902323]],[1,"Bip001 L Forearm",30,[4],[0,"98qKoL6+RYi5jMuvOcdrLG",null,null,null,1,0],[1,0.1017434149980545,-9.53674295089968e-9,0],[3,2.7444814961169922e-17,-4.141751984612078e-18,-0.14922234155647973,0.9888036674590166],[1,3.1805546814635176e-15,0,-17.163725628495197]],[1,"Bip001 L Finger0",4,[-58],[0,"0eHG5LCFdTSpWo++4Dp3KO",null,null,null,1,0],[1,0.017356328666210175,0.002115611918270588,-0.02539757639169693],[3,0.5460578118572456,0.2951466097389003,0.24787003907858646,0.7438210729715113],[1,67.14208680636841,13.470628407599484,43.71535520338332]],[2,"Bip001 L Finger01",32,[[3,"Bip001 L Finger0Nub",-59,[0,"d8wQDmx1tbA49wH7FInx6S",null,null,null,1,0],[1,0.013883266597986221,-3.552713599391162e-17,4.76837147544984e-9]]],[0,"05OoAtQDlanbn7Aib8XApf",null,null,null,1,0],[1,0.020820731297135353,-4.76837147544984e-9,4.76837147544984e-9],[3,1.7574773535497003e-8,-3.284671005203969e-8,0.47176918116560707,0.8817220875663324],[1,0.000006400510968147928,-0.000007693489397494437,56.298398647998035]],[1,"Bip001 L Finger1",4,[-60],[0,"44flvUiOBQRLgXWPzrnna2",null,null,null,1,0],[1,0.0459478385746479,0.0012810134794563055,-0.021485283970832825],[3,0.06272287654803921,0.13173072014891793,0.42765709676029307,0.8920887095559187],[1,-0.06974229497942092,16.8332428358571,51.218586783828144]],[2,"Bip001 L Finger11",34,[[3,"Bip001 L Finger1Nub",-61,[0,"df1rhl1yFU3ocXbzbuN1zm",null,null,null,1,0],[1,0.017009783536195755,1.907348590179936e-8,-1.776356799695581e-17]]],[0,"2eIyRETtlcN7idT3uB8q+K",null,null,null,1,0],[1,0.012388649396598339,-2.3841858265427618e-8,1.907348590179936e-8],[3,-5.776289380808171e-10,-2.458083486447165e-8,0.5871891908362258,0.8094497230619687],[1,0.000005155602060625916,-0.0000072198060299905886,71.91559467028537]],[1,"Bip001 L Finger2",4,[-62],[0,"c43EM68jNaPav+47ux/wIp",null,null,null,1,0],[1,0.047534018754959106,-0.0005397415370680392,-0.0069982195273041725],[3,0.02537170133837818,0.06207880204186201,0.47237999760996663,0.8788399381948067],[1,-1.457342262740006,8.86334090919472,56.45404930165333]],[2,"Bip001 L Finger21",36,[[3,"Bip001 L Finger2Nub",-63,[0,"84kpB2SWRam7T7zno5vxSG",null,null,null,1,0],[1,0.015621433034539223,3.552713599391162e-17,-4.76837147544984e-9]]],[0,"b40nGe2idabqHKi0Flm0aT",null,null,null,1,0],[1,0.016605643555521965,-4.76837147544984e-9,7.1525572131747595e-9],[3,1.640305639816254e-8,1.5633869031424695e-8,0.561539103506704,0.8274502010591858],[1,0.0000014872590551338405,0.000001155785941190848,68.32460793783906]],[1,"Bip001 L Finger3",4,[-64],[0,"2aEu/zr41dUZOpcSNZILVC",null,null,null,1,0],[1,0.048322468996047974,0.0012564277276396751,0.006211333442479372],[3,-0.07604345820800373,0.008960821832584773,0.42171714494648815,0.9034886528308117],[1,-12.904209490514733,7.108469641867314,49.523342207202525]],[2,"Bip001 L Finger31",38,[[3,"Bip001 L Finger3Nub",-65,[0,"c6+z0UiYVXxI9klEGIRunV",null,null,null,1,0],[1,0.01620500534772873,3.552713599391162e-17,-9.53674295089968e-9]]],[0,"91f/W0zxVZKZx61Q1FGcRN",null,null,null,1,0],[1,0.014276999980211258,-9.53674295089968e-9,-8.881783998477905e-18],[3,-1.2291616537018877e-8,4.374463430942384e-9,0.581915374953322,0.8132493445388902],[1,-0.000004452918188557105,0.0000038026444934163978,71.17074595702597]],[1,"Bip001 L Finger4",4,[-66],[0,"2bGG69/kRXTbuQOvlzMKY5",null,null,null,1,0],[1,0.04577019810676575,0.005293007008731365,0.01850036159157753],[3,-0.0959615857832333,-0.08404125285692321,0.4993863411203828,0.8569374097182375],[1,-9.46922905045212,-5.650295449353157,60.69366280680558]],[2,"Bip001 L Finger41",40,[[3,"Bip001 L Finger4Nub",-67,[0,"326hiixmpVv74Axd2GMjlb",null,null,null,1,0],[1,0.013504181057214737,3.552713599391162e-17,-9.53674295089968e-9]]],[0,"88OWEzby1cq4zSnN5IVaKJ",null,null,null,1,0],[1,0.011402244679629803,9.53674295089968e-9,1.4305114426349519e-8],[3,-1.06521134011366e-9,-2.900967935299828e-8,0.4814789189217963,0.8764576719008724],[1,0.0000027846781066020682,-0.000005322593820308054,57.564074321656925]],[1,"Bone001",8,[-68],[0,"e7CCBSF0VRu47AzkyJg3dM",null,null,null,1,0],[1,0.2946883738040924,-0.0585864782333374,-0.09578315913677216],[3,-0.3241100300256109,0.4654857202434069,-0.18816342885871673,0.8017919036298664],[1,-25.601976231934678,51.55027078217474,-37.119040651430204]],[1,"Bone002",42,[-69],[0,"985uUBgJVfboDPuErspvQA",null,null,null,1,0],[1,0.09428077936172485,-7.1525572131747595e-9,7.105427198782324e-17],[3,-0.0007401633879674927,0.5844190203455569,0.006997821485998442,0.8114215250478314],[1,-0.5374998918919994,71.52877717067113,0.6011145056125027]],[1,"Bone003",43,[-70],[0,"0cyiIUB4tUjZWowRh6e0VK",null,null,null,1,0],[1,0.05824226513504982,1.4305114426349519e-8,1.4210854397564648e-16],[3,-0.6234356262923073,0.2085479530688849,0.3747181951292751,0.653775225424882],[1,-93.4267777347479,49.489111042233226,13.292979881461498]],[1,"Bone004",44,[-71],[0,"faO/BJ5J9UY6P2WEJZFLxP",null,null,null,1,0],[1,0.07995972037315369,3.814697180359872e-8,1.907348590179936e-8],[3,0.237066314700944,-0.005805086370842485,-0.07505676929464687,0.9685723229523906],[1,27.611550788809637,1.4103733913919805,-8.51962723749856]],[2,"Bone005",45,[[3,"Bone006",-72,[0,"6deD26bnxSk4RNpN9sbCO0",null,null,null,1,0],[1,0.09499704092741013,3.814697180359872e-8,0]]],[0,"225CUMoVlS/aHPOaiPRwqj",null,null,null,1,0],[1,0.09575271606445312,-5.7220457705398076e-8,-3.814697180359872e-8],[3,0.41851928801278965,-0.11926612994789007,-0.19865189479000253,0.878154098381863],[1,50.30747658287527,-2.770036516042949,-26.66186595305001]],[16,"Bone007",8,[-73],[0,"f2cMkdAOtZc7lHVZjXSRuJ",null,null,null,1,0],[1,0.2946883738040924,-0.058586712926626205,0.09578306972980499],[3,-0.46548515931519796,-0.3241112556222267,0.8017914955539407,0.18816444428654233],[1,-1,-1,-1],[1,154.39788806787848,128.44985216662408,37.119202478684244]],[1,"Bone008",47,[-74],[0,"8dU+Ni+SlU3oJnuXj1FtBG",null,null,null,1,0],[1,0.09428077936172485,0,3.814697180359872e-8],[3,-0.0007401046309557995,0.5844190598292881,0.006997769556669202,0.8114214971114692],[1,-0.5374909791826393,71.52878266204057,0.6011135862425712]],[1,"Bone009",48,[-75],[0,"320zqXZppfw6fWKTnIgvMJ",null,null,null,1,0],[1,0.05824226513504982,3.33786012163273e-8,-7.629394360719743e-8],[3,-0.6226409063984665,0.19198843794665363,0.37100014009146903,0.6616778955248621],[1,-92.99982889525862,47.72512417821824,14.58911290648443]],[1,"Bone010",49,[-76],[0,"4d1mzfnjFRY6lpM37lx11p",null,null,null,1,0],[1,0.07995956391096115,-1.907348590179936e-8,1.907348590179936e-8],[3,0.2363043543812981,-0.01725905737264321,-0.08272050951809949,0.9679977760016352],[1,27.465074398363615,0.3302080196234414,-9.68918508861119]],[2,"Bone011",50,[[3,"Bone012",-77,[0,"65nRZrZhZZbrv2z8u9cJrj",null,null,null,1,0],[1,0.09499704092741013,2.8610228852699038e-8,3.814697180359872e-8]]],[0,"c4PRdefe9Xrbl0oqP5qQnI",null,null,null,1,0],[1,0.09575275331735611,-3.814697180359872e-8,-7.629394360719743e-8],[3,0.41848968927327224,-0.11910272983241726,-0.1904020434245829,0.8800158984803452],[1,50.134475840589744,-3.199569065301106,-25.77257966853412]],[2,"Bip001 R Finger01",10,[[4,"Bip001 R Finger0Nub",-78,[0,"06XdnbrFRWeaxt4lv+R4Yq",null,null,null,1,0],[1,0.013883257284760475,-9.53674295089968e-9,-1.776356799695581e-17],[3,7.450580596923825e-9,7.450580152834615e-9,0.9999999999999996,2.98023223876953e-8],[1,-1,-1,-1],[1,-179.99999914622643,-179.99999914622637,0.0000034150945913674832]]],[0,"51wyhk5VVSS6DtC70RBPmW",null,null,null,1,0],[1,0.02082071267068386,-2.38418573772492e-9,1.776356799695581e-17],[3,1.5154318395610153e-8,-4.488517914878274e-9,0.47717981607349896,0.8788056799611966],[1,0.0000032529113827406657,-0.000002351566413400515,57.002745547622915]],[1,"Bip001 R Finger1",3,[-79],[0,"b3XgYlxl1cOKc0afpas9L6",null,null,null,1,0],[1,0.04594782739877701,0.0012810325715690851,0.02148527465760708],[3,-0.06189756041697703,-0.13212051873000255,0.422067996177282,0.894746593817398],[1,0.0686789628079865,-16.83187057011078,50.50172014095796]],[2,"Bip001 R Finger11",53,[[4,"Bip001 R Finger1Nub",-80,[0,"ecuwyjFQ9cbr38GG4GWdpu",null,null,null,1,0],[1,0.0170097928494215,9.53674295089968e-9,-3.5762786065873797e-9],[3,4.6566125955216364e-10,-3.725290298461914e-9,1,3.725290298461914e-9],[1,-1,-1,-1],[1,179.99999957311317,-179.99999994663915,4.268868229270123e-7]]],[0,"0aOidDHHFXeKucej7cLFkL",null,null,null,1,0],[1,0.012388649396598339,-1.907348590179936e-8,8.881783998477905e-18],[3,8.781563197326407e-10,-8.704798603143974e-9,0.5144655671093914,0.8575110379807436],[1,0.000001273702010004218,-0.0000019274064083655035,61.923478873541825]],[1,"Bip001 R Finger2",3,[-81],[0,"5eLQGaYVFfbLkXmHJI+JAq",null,null,null,1,0],[1,0.04753400757908821,-0.0005397224449552596,0.0069982148706912994],[3,-0.02115074233587267,-0.06364076022976772,0.41236965056879504,0.9085448646191275],[1,1.2217253214378305,-8.567452567092625,48.76433567122506]],[2,"Bip001 R Finger21",55,[[4,"Bip001 R Finger2Nub",-82,[0,"36QHImwN9e4bttJBNqazkh",null,null,null,1,0],[1,0.01562145259231329,-3.552713599391162e-17,-8.881783998477905e-18],[3,2.764863893389702e-9,8.94466585505388e-19,1,9.31322685637781e-10],[1,-1,-1,-1],[1,180,-179.99999968316993,1.0672171850366796e-7]]],[0,"b9HKpm4hhQIIbLTPht+FVg",null,null,null,1,0],[1,0.016605664044618607,-2.8610228852699038e-8,1.1920929132713809e-8],[3,7.621501791826527e-10,-1.4294995463618999e-8,0.5651857278241519,0.8249636919670367],[1,0.0000027631911509159454,-0.000003878718602228609,68.83037914820515]],[1,"Bip001 R Finger3",3,[-83],[0,"470zm1N6hSN6Uc5aIxOaJd",null,null,null,1,0],[1,0.048322468996047974,0.0012564277276396751,-0.006211328320205212],[3,0.07640349856745539,-0.00504091567749236,0.37472698052173553,0.9239679565032806],[1,11.57987254650937,-5.289454583551461,43.76492154897213]],[2,"Bip001 R Finger31",57,[[4,"Bip001 R Finger3Nub",-84,[0,"6aDmu/L99WrqE/yFkQa2AS",null,null,null,1,0],[1,0.016204986721277237,-1.776356799695581e-17,-7.1525572131747595e-9],[3,-1.0244548320770264e-8,-7.450580596923828e-9,1,-1.375601755722379e-16],[1,-1,-1,-1],[1,179.99999914622634,179.99999882606124,-7.0167096047110005e-15]]],[0,"a0aABe3upTLqQfbUDCwbjy",null,null,null,1,0],[1,0.014276981353759766,9.53674295089968e-9,2.38418573772492e-9],[3,6.027719441569656e-9,-9.410987208864842e-9,0.5393512056459386,0.8420809206770287],[1,0.000002781665263746335,-0.0000030623116456205373,65.27896703804227]],[1,"Bip001 R Finger4",3,[-85],[0,"25NoGEBI9UF6PTNI8jbZDX",null,null,null,1,0],[1,0.04577018693089485,0.005293026100844145,-0.01850036159157753],[3,0.08578144835039334,0.0944092356593323,0.39869127031205476,0.9081705293159922],[1,6.880284870594121,8.82065258470213,47.76178814997589]],[2,"Bip001 R Finger41",59,[[4,"Bip001 R Finger4Nub",-86,[0,"e61YmMyBVaXIjoWEORdDGq",null,null,null,1,0],[1,0.013504181057214737,9.53674295089968e-9,4.76837147544984e-9],[3,1.4901161193847653e-8,1.4901161193847653e-8,0.9999999999999998,-2.8327696078917945e-16],[1,-1,-1,-1],[1,-179.99999829245272,-179.99999829245272,-7.016711121317657e-15]]],[0,"84E+1PmhhfybET+Ox8M2zN",null,null,null,1,0],[1,0.011402225121855736,-1.907348590179936e-8,0],[3,-3.322564228744431e-8,2.5058912425367967e-9,0.37868010548543873,0.9255276212569433],[1,-0.000005093324605443531,0.000002394196166813336,44.503898586121494]]],0,[0,-1,2,0,5,2,0,6,11,0,5,2,0,6,9,0,5,2,0,6,9,0,2,1,0,1,1,0,1,1,0,-3,11,0,-4,9,0,1,1,0,-1,2,0,3,5,0,3,5,0,3,5,0,3,5,0,3,5,0,1,2,0,2,2,0,-1,10,0,-2,53,0,-3,55,0,-4,57,0,-5,59,0,0,3,0,-1,32,0,-2,34,0,-3,36,0,-4,38,0,-5,40,0,-1,29,0,-2,14,0,-3,8,0,-1,15,0,-2,17,0,-3,23,0,0,8,0,-2,42,0,-3,47,0,-1,52,0,-1,16,0,-1,18,0,-1,19,0,-1,20,0,-1,21,0,-1,22,0,0,22,0,-1,24,0,-1,25,0,-1,26,0,-1,27,0,-1,28,0,0,28,0,-1,30,0,-1,31,0,-1,33,0,0,33,0,-1,35,0,0,35,0,-1,37,0,0,37,0,-1,39,0,0,39,0,-1,41,0,0,41,0,-1,43,0,-1,44,0,-1,45,0,-1,46,0,0,46,0,-1,48,0,-1,49,0,-1,50,0,-1,51,0,0,51,0,0,52,0,-1,54,0,0,54,0,-1,56,0,0,56,0,-1,58,0,0,58,0,-1,60,0,0,60,0,4,1,3,0,12,4,0,31,6,0,15,7,0,16,9,9,10,12,0,13,13,0,14,86],[0,0,0],[7,10,11],[2,3,4]],[[[41,"girlUI",[{"rasterizerState":{},"depthStencilState":{},"blendState":{"targets":[{}]}},{"rasterizerState":{},"depthStencilState":{},"blendState":{"targets":[{}]}},{"rasterizerState":{},"depthStencilState":{},"blendState":{"targets":[{}]}}],[{"USE_TEXTURE":true},{},{}],[[[{},"mainTexture",6,0],{},{}],11,0,0]]],0,0,[0,0],[12,13],[5,6]],[[[42,"Skin-0",4239587070,["Bip001/Bip001 Pelvis/Bip001 Spine","Bip001/Bip001 Pelvis/Bip001 Spine/Bip001 Spine1","Bip001/Bip001 Pelvis/Bip001 Spine/Bip001 Spine1/Bip001 Neck","Bip001/Bip001 Pelvis/Bip001 Spine/Bip001 Spine1/Bip001 Neck/Bip001 Head","Bip001/Bip001 Pelvis/Bip001 Spine/Bip001 Spine1/Bip001 Neck/Bip001 L Clavicle/Bip001 L UpperArm","Bip001/Bip001 Pelvis/Bip001 Spine/Bip001 Spine1/Bip001 Neck/Bip001 L Clavicle","Bip001/Bip001 Pelvis/Bip001 Spine/Bip001 Spine1/Bip001 Neck/Bip001 Head/Bone007","Bip001/Bip001 Pelvis/Bip001 Spine/Bip001 Spine1/Bip001 Neck/Bip001 Head/Bone007/Bone008/Bone009","Bip001/Bip001 Pelvis/Bip001 Spine/Bip001 Spine1/Bip001 Neck/Bip001 Head/Bone007/Bone008/Bone009/Bone010","Bip001/Bip001 Pelvis/Bip001 Spine/Bip001 Spine1/Bip001 Neck/Bip001 Head/Bone007/Bone008/Bone009/Bone010/Bone011","Bip001/Bip001 Pelvis/Bip001 Spine/Bip001 Spine1/Bip001 Neck/Bip001 Head/Bone007/Bone008","Bip001/Bip001 Pelvis/Bip001 Spine/Bip001 Spine1/Bip001 Neck/Bip001 Head/Bone007/Bone008/Bone009/Bone010/Bone011/Bone012","Bip001/Bip001 Pelvis","Bip001/Bip001 Pelvis/Bip001 Spine/Bip001 Spine1/Bip001 Neck/Bip001 L Clavicle/Bip001 L UpperArm/Bip001 L Forearm","Bip001/Bip001 Pelvis/Bip001 Spine/Bip001 Spine1/Bip001 Neck/Bip001 L Clavicle/Bip001 L UpperArm/Bip001 L Forearm/Bip001 L Hand","Bip001/Bip001 Pelvis/Bip001 Spine/Bip001 L Thigh","Bip001","Bip001/Bip001 Pelvis/Bip001 Spine/Bip001 L Thigh/Bip001 L Calf","Bip001/Bip001 Pelvis/Bip001 Spine/Bip001 L Thigh/Bip001 L Calf/Bip001 L Foot","Bip001/Bip001 Pelvis/Bip001 Spine/Bip001 R Thigh/Bip001 R Calf/Bip001 R Foot","Bip001/Bip001 Pelvis/Bip001 Spine/Bip001 L Thigh/Bip001 L Calf/Bip001 L Foot/Bip001 L Toe0","Bip001/Bip001 Pelvis/Bip001 Spine/Bip001 L Thigh/Bip001 L Calf/Bip001 L Foot/Bip001 L Toe0/Bip001 L Toe01","Bip001/Bip001 Pelvis/Bip001 Spine/Bip001 L Thigh/Bip001 L Calf/Bip001 L Foot/Bip001 L Toe0/Bip001 L Toe01/Bip001 L Toe02","Bip001/Bip001 Pelvis/Bip001 Spine/Bip001 Spine1/Bip001 Neck/Bip001 L Clavicle/Bip001 L UpperArm/Bip001 L Forearm/Bip001 L Hand/Bip001 L Finger4/Bip001 L Finger41","Bip001/Bip001 Pelvis/Bip001 Spine/Bip001 Spine1/Bip001 Neck/Bip001 L Clavicle/Bip001 L UpperArm/Bip001 L Forearm/Bip001 L Hand/Bip001 L Finger4","Bip001/Bip001 Pelvis/Bip001 Spine/Bip001 Spine1/Bip001 Neck/Bip001 L Clavicle/Bip001 L UpperArm/Bip001 L Forearm/Bip001 L Hand/Bip001 L Finger3/Bip001 L Finger31","Bip001/Bip001 Pelvis/Bip001 Spine/Bip001 Spine1/Bip001 Neck/Bip001 L Clavicle/Bip001 L UpperArm/Bip001 L Forearm/Bip001 L Hand/Bip001 L Finger3","Bip001/Bip001 Pelvis/Bip001 Spine/Bip001 Spine1/Bip001 Neck/Bip001 L Clavicle/Bip001 L UpperArm/Bip001 L Forearm/Bip001 L Hand/Bip001 L Finger2/Bip001 L Finger21","Bip001/Bip001 Pelvis/Bip001 Spine/Bip001 Spine1/Bip001 Neck/Bip001 L Clavicle/Bip001 L UpperArm/Bip001 L Forearm/Bip001 L Hand/Bip001 L Finger2","Bip001/Bip001 Pelvis/Bip001 Spine/Bip001 Spine1/Bip001 Neck/Bip001 L Clavicle/Bip001 L UpperArm/Bip001 L Forearm/Bip001 L Hand/Bip001 L Finger1","Bip001/Bip001 Pelvis/Bip001 Spine/Bip001 Spine1/Bip001 Neck/Bip001 L Clavicle/Bip001 L UpperArm/Bip001 L Forearm/Bip001 L Hand/Bip001 L Finger1/Bip001 L Finger11","Bip001/Bip001 Pelvis/Bip001 Spine/Bip001 Spine1/Bip001 Neck/Bip001 L Clavicle/Bip001 L UpperArm/Bip001 L Forearm/Bip001 L Hand/Bip001 L Finger0","Bip001/Bip001 Pelvis/Bip001 Spine/Bip001 Spine1/Bip001 Neck/Bip001 L Clavicle/Bip001 L UpperArm/Bip001 L Forearm/Bip001 L Hand/Bip001 L Finger0/Bip001 L Finger01","Bip001/Bip001 Pelvis/Bip001 Spine/Bip001 R Thigh","Bip001/Bip001 Pelvis/Bip001 Spine/Bip001 Spine1/Bip001 Neck/Bip001 R Clavicle/Bip001 R UpperArm","Bip001/Bip001 Pelvis/Bip001 Spine/Bip001 Spine1/Bip001 Neck/Bip001 R Clavicle","Bip001/Bip001 Pelvis/Bip001 Spine/Bip001 Spine1/Bip001 Neck/Bip001 Head/Bone001","Bip001/Bip001 Pelvis/Bip001 Spine/Bip001 Spine1/Bip001 Neck/Bip001 Head/Bone001/Bone002/Bone003","Bip001/Bip001 Pelvis/Bip001 Spine/Bip001 Spine1/Bip001 Neck/Bip001 Head/Bone001/Bone002/Bone003/Bone004","Bip001/Bip001 Pelvis/Bip001 Spine/Bip001 Spine1/Bip001 Neck/Bip001 Head/Bone001/Bone002/Bone003/Bone004/Bone005","Bip001/Bip001 Pelvis/Bip001 Spine/Bip001 Spine1/Bip001 Neck/Bip001 Head/Bone001/Bone002","Bip001/Bip001 Pelvis/Bip001 Spine/Bip001 Spine1/Bip001 Neck/Bip001 Head/Bone001/Bone002/Bone003/Bone004/Bone005/Bone006","Bip001/Bip001 Pelvis/Bip001 Spine/Bip001 Spine1/Bip001 Neck/Bip001 R Clavicle/Bip001 R UpperArm/Bip001 R Forearm","Bip001/Bip001 Pelvis/Bip001 Spine/Bip001 Spine1/Bip001 Neck/Bip001 R Clavicle/Bip001 R UpperArm/Bip001 R Forearm/Bip001 R Hand","Bip001/Bip001 Pelvis/Bip001 Spine/Bip001 R Thigh/Bip001 R Calf","Bip001/Bip001 Pelvis/Bip001 Spine/Bip001 R Thigh/Bip001 R Calf/Bip001 R Foot/Bip001 R Toe0","Bip001/Bip001 Pelvis/Bip001 Spine/Bip001 R Thigh/Bip001 R Calf/Bip001 R Foot/Bip001 R Toe0/Bip001 R Toe01","Bip001/Bip001 Pelvis/Bip001 Spine/Bip001 R Thigh/Bip001 R Calf/Bip001 R Foot/Bip001 R Toe0/Bip001 R Toe01/Bip001 R Toe02","Bip001/Bip001 Pelvis/Bip001 Spine/Bip001 Spine1/Bip001 Neck/Bip001 R Clavicle/Bip001 R UpperArm/Bip001 R Forearm/Bip001 R Hand/Bip001 R Finger4/Bip001 R Finger41","Bip001/Bip001 Pelvis/Bip001 Spine/Bip001 Spine1/Bip001 Neck/Bip001 R Clavicle/Bip001 R UpperArm/Bip001 R Forearm/Bip001 R Hand/Bip001 R Finger4","Bip001/Bip001 Pelvis/Bip001 Spine/Bip001 Spine1/Bip001 Neck/Bip001 R Clavicle/Bip001 R UpperArm/Bip001 R Forearm/Bip001 R Hand/Bip001 R Finger3/Bip001 R Finger31","Bip001/Bip001 Pelvis/Bip001 Spine/Bip001 Spine1/Bip001 Neck/Bip001 R Clavicle/Bip001 R UpperArm/Bip001 R Forearm/Bip001 R Hand/Bip001 R Finger3","Bip001/Bip001 Pelvis/Bip001 Spine/Bip001 Spine1/Bip001 Neck/Bip001 R Clavicle/Bip001 R UpperArm/Bip001 R Forearm/Bip001 R Hand/Bip001 R Finger2/Bip001 R Finger21","Bip001/Bip001 Pelvis/Bip001 Spine/Bip001 Spine1/Bip001 Neck/Bip001 R Clavicle/Bip001 R UpperArm/Bip001 R Forearm/Bip001 R Hand/Bip001 R Finger2","Bip001/Bip001 Pelvis/Bip001 Spine/Bip001 Spine1/Bip001 Neck/Bip001 R Clavicle/Bip001 R UpperArm/Bip001 R Forearm/Bip001 R Hand/Bip001 R Finger1","Bip001/Bip001 Pelvis/Bip001 Spine/Bip001 Spine1/Bip001 Neck/Bip001 R Clavicle/Bip001 R UpperArm/Bip001 R Forearm/Bip001 R Hand/Bip001 R Finger1/Bip001 R Finger11","Bip001/Bip001 Pelvis/Bip001 Spine/Bip001 Spine1/Bip001 Neck/Bip001 R Clavicle/Bip001 R UpperArm/Bip001 R Forearm/Bip001 R Hand/Bip001 R Finger0","Bip001/Bip001 Pelvis/Bip001 Spine/Bip001 Spine1/Bip001 Neck/Bip001 R Clavicle/Bip001 R UpperArm/Bip001 R Forearm/Bip001 R Hand/Bip001 R Finger0/Bip001 R Finger01"],[[[7,-1.2436634833079552e-8,-0.0000014027494898982695,1,0,0.009071611799299717,-0.999958872795105,-0.0000014025789596416871,0,0.9999588131904602,0.009071611799299717,2.516132191487941e-8,0,-0.24680055677890778,-0.004762427415698767,4.7671839809027006e-9,1],[7,-2.305900892451973e-7,-0.000001422225409442035,1,0,0.16820235550403595,-0.985752522945404,-0.0000013631764659294276,0,0.9857524633407593,0.16820237040519714,4.6652644414280076e-7,0,-0.30834072828292847,-0.05449601262807846,-1.3317391278633295e-7,1],[7,7.812679569951797e-8,-0.0000014049211358724278,1,0,-0.05698934942483902,-0.998374879360199,-0.0000013981854181110975,0,0.9983748197555542,-0.05698935315012932,-1.5806536168838647e-7,0,-0.3856796622276306,0.04276396334171295,1.1711080816212416e-7,1],[7,0.0000013430886838250444,-0.000001402693328600435,1,0,-1.7484555314695172e-7,-1,-0.0000014026931012267596,0,1,-1.748436773141293e-7,-0.0000013430890248855576,0,-0.41438063979148865,0.019179921597242355,6.082481149860541e-7,1],[7,0.9964496493339539,-0.052798107266426086,0.06557878851890564,0,0.05928521230816841,0.9930906295776367,-0.10127393156290054,0,-0.059778615832328796,0.10480223596096039,0.9926946759223938,0,-0.04716390743851662,-0.04779195040464401,-0.36963149905204773,1],[7,1,-0.0000013511909173757886,-1.8795478240463126e-7,0,0.0000013635202549266978,0.9856182932853699,0.16898731887340546,0,-4.308244427875252e-8,-0.16898731887340546,0.9856182336807251,0,-0.029831796884536743,0.04973741993308067,-0.36597907543182373,1],[7,0.6244727373123169,0.6949138045310974,-0.3565513491630554,0,0.6034748554229736,-0.7190932631492615,-0.3445624113082886,0,0.4958347678184509,-6.612560099483744e-8,0.8684170246124268,0,-0.4583253562450409,-0.010639404878020287,-0.5548205375671387,1],[7,0.15347884595394135,-0.766044557094574,0.6241955161094666,0,-0.18290923535823822,-0.6427875757217407,-0.7438873648643494,0,-0.9710760712623596,1.5583253798467922e-7,0.23877085745334625,0,0.6977325677871704,0.24838414788246155,-0.16519726812839508,1],[7,0.2469048649072647,-0.3696032762527466,0.895785391330719,0,-0.09821107238531113,-0.9291899800300598,-0.3563159704208374,0,-0.9640502333641052,-1.0285997831260829e-7,0.26572051644325256,0,0.5820441842079163,0.2125549614429474,-0.2944032847881317,1],[7,0.403170645236969,0.5359992980957031,0.7417266368865967,0,0.25597575306892395,-0.844218373298645,0.4709264934062958,0,-0.8785955309867859,-2.966194188047666e-7,0.4775669574737549,0,0.3551051914691925,-0.0006105663487687707,-0.49217090010643005,1],[7,0.5432943105697632,0.6847249865531921,0.4857814311981201,0,0.5104365944862366,-0.7288020253181458,0.45640191435813904,0,-0.666547954082489,-7.527369660920158e-8,0.7454625368118286,0,0.3510259985923767,-0.007756204344332218,-0.7000238299369812,1],[7,0.4031706750392914,0.5359995365142822,0.7417266368865967,0,0.2559760510921478,-0.844218373298645,0.4709266722202301,0,-0.8785955905914307,-4.260733419414464e-7,0.4775671362876892,0,0.2601081132888794,-0.0006106229266151786,-0.4921709895133972,1],[7,0.0000013868000223737909,0.0000027577070795814507,1,0,-1.7484555314695172e-7,-1,0.0000027577075343288016,0,1,-1.7484939007772482e-7,-0.00000138679956762644,0,-0.2010803073644638,0.003893580986186862,2.734585677899304e-7,1],[7,0.9964949488639832,0.051935825496912,0.06557878851890564,0,-0.04513237625360489,0.9938343167304993,-0.10127393156290054,0,-0.07043420523405075,0.0979592427611351,0.9926946759223938,0,-0.1430777609348297,-0.06313645094633102,-0.36963149905204773,1],[7,0.9809774160385132,-0.19261571764945984,-0.024137450382113457,0,0.04544994980096817,0.1070089042186737,0.993218719959259,0,-0.18872664868831635,-0.9754219651222229,0.11372769623994827,0,-0.15956705808639526,0.3926796317100525,-0.051215559244155884,1],[7,0.16511127352714539,0.3068545460700989,-0.9373252391815186,0,-0.0798969641327858,-0.9430841207504272,-0.32281383872032166,0,-0.9830335378646851,0.12818963825702667,-0.13119706511497498,0,0.18933100998401642,-0.038177866488695145,0.07673642039299011,1],[7,0.000001370906943520822,1,-6.123234262925839e-17,0,-1,0.000001370906943520822,-1.7484555314695172e-7,0,-1.7484556735780643e-7,2.3975821870393654e-13,1,0,0.003893580986186862,1.1338095834837386e-16,-0.2010803073644638,1],[7,0.05232411250472069,0.34450486302375793,-0.9373252391815186,0,0.2418496459722519,-0.9150409698486328,-0.32281380891799927,0,-0.968902051448822,-0.20980079472064972,-0.13119708001613617,0,0.11977445334196091,0.0022235747892409563,0.07673642784357071,1],[7,4.371138828673793e-8,0.32717227935791016,-0.9449647665023804,0,1.7484555314695172e-7,-0.9449647665023804,-0.32717227935791016,0,-1,-1.50921735553311e-7,-9.851034121766133e-8,0,0.060275133699178696,-0.00880473293364048,0.06941433995962143,1],[7,4.371138828673793e-8,-0.3271696865558624,-0.9449656009674072,0,1.7484555314695172e-7,-0.9449656009674072,0.3271696865558624,0,-1,-1.7952407915799995e-7,1.5898406147130117e-8,0,0.060275137424468994,-0.008804738521575928,-0.06941435486078262,1],[7,0.32717227935791016,4.130572150984335e-8,-0.9449647665023804,0,-0.9449647665023804,-2.042557980530546e-7,-0.32717227935791016,0,-2.0652861110193044e-7,1,-2.779438190714245e-8,0,-0.08396460860967636,-0.0018738728249445558,0.06941433995962143,1],[7,0.32717227935791016,4.130572150984335e-8,-0.9449647665023804,0,-0.9449647665023804,-2.042557980530546e-7,-0.32717227935791016,0,-2.0652861110193044e-7,1,-2.779438190714245e-8,0,-0.09158215671777725,-0.0018738729413598776,0.06941434741020203,1],[7,0.32717227935791016,4.130572150984335e-8,-0.9449647665023804,0,-0.9449647665023804,-2.042557980530546e-7,-0.32717227935791016,0,-2.0652861110193044e-7,1,-2.779438190714245e-8,0,-0.09919971227645874,-0.0018738729413598776,0.06941433995962143,1],[7,0.8451573252677917,-0.4588403105735779,-0.2741797864437103,0,0.27826863527297974,-0.06026260554790497,0.9586109519004822,0,-0.45637211203575134,-0.886472761631012,0.07674950361251831,0,-0.09513897448778152,0.4372369050979614,0.013004660606384277,1],[7,0.8971719145774841,-0.34627729654312134,-0.27417975664138794,0,0.2837095558643341,-0.023956043645739555,0.958611011505127,0,-0.33851349353790283,-0.9378262758255005,0.07674950361251831,0,-0.13920633494853973,0.42136040329933167,0.013004652224481106,1],[7,0.8474268317222595,-0.5216357707977295,-0.09881089627742767,0,0.07361483573913574,-0.06886862218379974,0.9949060082435608,0,-0.5257835984230042,-0.8503839373588562,-0.01996098831295967,0,-0.06712043285369873,0.44867679476737976,0.009957224130630493,1],[7,0.9782495498657227,-0.18238498270511627,-0.09881088882684708,0,0.09344104677438736,-0.03782596439123154,0.9949060082435608,0,-0.18519358336925507,-0.9824991226196289,-0.01996099017560482,0,-0.2095453292131424,0.39461323618888855,0.009957222267985344,1],[7,0.8498223423957825,-0.516721785068512,0.10392580926418304,0,-0.04996216669678688,0.11731365323066711,0.9918373823165894,0,-0.5246959328651428,-0.8480777740478516,0.07387923449277878,0,-0.06776633113622665,0.44433870911598206,-0.06585521250963211,1],[7,0.9754828214645386,-0.19399207830429077,0.10392582416534424,0,-0.08715971559286118,0.09306932985782623,0.9918373823165894,0,-0.20208095014095306,-0.9765781164169312,0.07387924939393997,0,-0.19941501319408417,0.39416271448135376,-0.06585521996021271,1],[7,0.9462255239486694,-0.1925964504480362,0.25993067026138306,0,-0.2432307004928589,0.10621796548366547,0.9641351699829102,0,-0.21329835057258606,-0.9755122065544128,0.053660787642002106,0,-0.18827278912067413,0.39142218232154846,-0.08749391883611679,1],[7,0.8894332647323608,-0.37595826387405396,0.25993067026138306,0,-0.2174145132303238,0.15223129093647003,0.9641351699829102,0,-0.4020442068576813,-0.9140464067459106,0.053660787642002106,0,-0.11927176266908646,0.42337992787361145,-0.08749392628669739,1],[7,0.6862664222717285,0.3564722239971161,0.6340077519416809,0,-0.5658956170082092,0.8092905282974243,0.1575147658586502,0,-0.45694687962532043,-0.46687936782836914,0.7571150064468384,0,-0.014730645343661308,0.08174610882997513,-0.42143717408180237,1],[7,0.7206694483757019,0.28048115968704224,0.6340077519416809,0,-0.47543540596961975,0.8655346632003784,0.157514750957489,0,-0.5045758485794067,-0.4149458408355713,0.7571150064468384,0,-0.02653972990810871,0.08509975671768188,-0.42143717408180237,1],[7,-0.1651111