[1,["8cAhe+sTtPw6EB3Rg8Zidf@6c48a","91tEBdxKhP2LNAvrgqvBJd","39uGKwVmlApJEgDtEr2kyb@1f586","c2LDTjPbtND4q6QSnG6Y6i@73b7f","39uGKwVmlApJEgDtEr2kyb@7a119","5au89+u3ZM7L4cTl1FsrWP","39uGKwVmlApJEgDtEr2kyb@fd7d6","39uGKwVmlApJEgDtEr2kyb@438fe","39uGKwVmlApJEgDtEr2kyb@989ed","39uGKwVmlApJEgDtEr2kyb@b4251","39uGKwVmlApJEgDtEr2kyb@6c359","39uGKwVmlApJEgDtEr2kyb@cf5ee","39uGKwVmlApJEgDtEr2kyb@79e35","39uGKwVmlApJEgDtEr2kyb@1a00c","c2LDTjPbtND4q6QSnG6Y6i@0d683","baIUdvKGZPgZxNbjWTFuRI","a7YStUNeNCOKGpSntUY1g5","c2LDTjPbtND4q6QSnG6Y6i@9e7a3","c2LDTjPbtND4q6QSnG6Y6i@ec8a4","f6SJZOjTJB/JrJeh5xTdF7"],["_parent","targetInfo","node","root","target","data","source","value","asset","_mesh","_defaultClip","_effectAsset","projectile","_skeleton","collider","_material","shadeMap1","shadeMap2","specularMap"],[["cc.Node",["_name","_layer","_objFlags","__editorExtras__","_prefab","_children","_parent","_lpos","_lrot","_euler","_lscale","_components"],-1,4,2,1,5,5,5,5,12],["cc.Node",["_name","_components","_prefab","_parent","_children","_lrot","_euler","_lpos","_lscale"],2,9,4,1,2,5,5,5,5],["cc.Prefab",["_name"],2],["cc.Node",["_name","_children","_prefab","_lpos","_lrot","_euler","_parent"],2,12,4,5,5,5,1],["cc.Node",["_name","_parent","_children","_prefab","_lpos","_lrot","_euler","_lscale"],2,1,9,4,5,5,5,5],["cc.RigidBody",["_group","_type","node","__prefab","_linearFactor","_angularFactor"],1,1,4,5,5],["cc.PrefabInstance",["fileId","prefabRootNode","propertyOverrides","mountedChildren","mountedComponents"],2,1,9,9,9],["cc.CapsuleCollider",["_radius","_cylinderHeight","node","__prefab","_center"],1,1,4,5],["cc.CompPrefabInfo",["fileId"],2],["099f7+8cvJLS4Ye1JPqEanz",["node","__prefab","projectile"],3,1,4,6],["cc.PrefabInfo",["fileId","instance","root","asset","targetOverrides","nestedPrefabInstanceRoots"],1,1,1,9,2],["cc.PrefabInfo",["fileId","targetOverrides","nestedPrefabInstanceRoots","root","instance","asset"],0,1,4,6],["cc.PrefabInfo",["fileId","instance","targetOverrides","nestedPrefabInstanceRoots","root","asset"],-1,1,1],["cc.PrefabInfo",["fileId","instance","targetOverrides","root","asset","nestedPrefabInstanceRoots"],0,1,1,2],["cc.TargetOverrideInfo",["propertyPath","source","target","targetInfo"],2,1,1,4],["cc.TargetInfo",["localID"],2],["cc.MountedChildrenInfo",["targetInfo","nodes"],3,4,2],["cc.MountedComponentsInfo",["targetInfo","components"],3,4,9],["6a855G0TBNEaKK/at0gCn9O",["node","__prefab"],3,1,4],["CCPropertyOverrideInfo",["value","propertyPath","targetInfo"],1,1],["CCPropertyOverrideInfo",["propertyPath","targetInfo","value"],2,1,8],["CCPropertyOverrideInfo",["propertyPath","targetInfo","value"],2,1,1],["CCPropertyOverrideInfo",["propertyPath","targetInfo","value"],2,1,6],["CCPropertyOverrideInfo",["propertyPath","targetInfo","value"],2,1,4],["CCPropertyOverrideInfo",["propertyPath","targetInfo","value"],2,4,6],["cc.SkeletalAnimation.Socket",["path","target"],2,1],["26cfehfkThC/4Ru/Gtrp+5y",["node","__prefab","bow","bowstring"],3,1,4,1,1],["9fa1e5awQ9BorjlrEbFG/Mw",["node","__prefab"],3,1,4],["cc.Skeleton",["_name","_hash","_joints","_bindposes"],0,12],["cc.SkeletalAnimation",["node","__prefab","_clips","_defaultClip"],3,1,4,3,6],["cc.SkinnedMeshRenderer",["_materials","node","__prefab","bakeSettings","_skinningRoot","_mesh","_skeleton"],2,1,4,4,1,6,6],["cc.ModelBakeSettings",[],3],["cc.Mesh",["_native","_hash","_struct"],1,11],["92884HW7q1LLJQezcxPza27",["linearSpeed","node","__prefab","collider"],2,1,4,1],["cc.BoxCollider",["_isTrigger","node","__prefab","_center","_size"],2,1,4,5,5],["cc.Material",["_name","_states","_defines","_props"],0,12],["cc.Animation",["node","__prefab","_clips","_defaultClip"],3,1,4,3,6],["cc.MeshRenderer",["node","__prefab","_materials","bakeSettings","_mesh"],3,1,4,3,4,6]],[[12,0,1,2,3,4,5,5],[0,0,6,5,4,7,8,9,2],[0,0,6,4,7,2],[4,0,1,2,3,4,5,6,2],[8,0,2],[15,0,2],[20,0,1,2,2],[0,0,5,4,7,8,9,2],[0,0,6,4,7,8,9,2],[19,0,1,2,3],[0,0,6,4,7,8,10,9,2],[3,0,6,1,2,3,4,5,2],[14,0,1,2,3,2],[2,0,2],[2,1],[0,2,3,6,4,3],[1,0,4,1,2,2],[4,0,1,2,3,4,5,7,6,2],[11,0,1,2,3,4,5,4],[23,0,1,2,2],[25,0,1,2],[31,1],[32,0,1,2,3],[35,0,1,2,3,4],[0,0,1,5,11,4,10,3],[0,0,5,4,8,9,2],[0,0,6,5,4,7,8,10,9,2],[0,0,5,11,4,10,2],[1,0,3,1,2,5,6,2],[1,0,3,1,2,7,8,2],[3,0,1,2,3,4,5,2],[7,0,1,2,3,4,3],[5,0,2,3,4,5,2],[5,0,1,2,3,3],[9,0,1,2,1],[10,0,1,2,3,4,5,3],[13,0,1,2,3,4,5,4],[6,0,1,3,4,2,2],[6,0,1,2,2],[16,0,1,1],[17,0,1,1],[18,0,1,1],[21,0,1,2,2],[22,0,1,2,2],[24,0,1,2,2],[26,0,1,2,3,1],[27,0,1,1],[28,0,1,2,3,4],[29,0,1,2,3,1],[30,0,1,2,3,4,5,6,2],[33,0,1,2,3,2],[34,0,1,2,3,4,2],[36,0,1,2,3,1],[37,0,1,2,3,4,1]],[[[[13,"Player"],[24,"Player",33554432,[-14],[[[31,0.094,0.254,-9,[4,"a6zi/EpWFHI6gZcQLLVyOC"],[1,0,0.26,0]],[32,2,-10,[4,"e0U9eiAbNBibWO9i368wvI"],[1,1,0,1],[1,0,1,0]],[34,-11,[4,"d1TwTZaYZDr5TgQyLduwNV"],2],-12,-13],4,4,4,1,1],[35,"0aeYGu2F9LOqA+5zVX5hFi",null,-8,0,[[12,["skeletalAnimation"],-3,-2,[5,["79WGHrqChZO7MhLcJbyNUU"]]],[12,["bowstring"],-5,-4,[5,["1dCn5AZi9Lp7G/aIRPguHP"]]],[12,["bow"],-7,-6,[5,["36fMkI8URF4axMA+GQtPiW"]]]],[-1]],[1,14,14,14]],[15,0,{},1,[18,"53gQQIF+FatKdWpKldNDpJ",null,null,-31,[37,"39hO0+gltK66sDARCJoeNK",1,[[39,[5,["53gQQIF+FatKdWpKldNDpJ"]],[-29,-30]]],[[40,[5,["53gQQIF+FatKdWpKldNDpJ"]],[[41,-28,[4,"23R+ldIWlPIbGpWGzdFmPv"]]]]],[[9,"role",["_name"],-15],[6,["_lpos"],-16,[1,0,0,0]],[6,["_lrot"],-17,[3,0,1,0,6.123233995736766e-17]],[6,["_euler"],-18,[1,0,180,0]],[42,["_skinningRoot"],-20,-19],[43,["_materials","0"],-21,1],[9,true,["playOnLoad"],-22],[9,2,["_sockets","length"],-23],[19,["_sockets","0"],-25,[20,"Bip001/Bip001 Pelvis/Bip001 Spine/Bip001 Spine1/Bip001 Neck/Bip001 L Clavicle/Bip001 L UpperArm/Bip001 L Forearm/Bip001 L Hand/gongjian/gongjian_la",-24]],[19,["_sockets","1"],-27,[20,"Bip001/Bip001 Pelvis/Bip001 Spine/Bip001 Spine1/Bip001 Neck/Bip001 L Clavicle/Bip001 L UpperArm/Bip001 L Forearm/Bip001 L Hand/gongjian",-26]]]],0]],[5,["53gQQIF+FatKdWpKldNDpJ"]],[5,["79WGHrqChZO7MhLcJbyNUU"]],[8,"gongjian_la Socket",2,[0,"1dCn5AZi9Lp7G/aIRPguHP",null,null,null,1,0],[1,0.041531301202695575,0.2047255305236106,0.052582055342769184],[3,-0.4931638496955925,0.6578569337243246,-0.3706222495301517,-0.4320333554917519],[1,75.35064805746391,-98.54127076708987,-19.18504668074278]],[8,"gongjian Socket",2,[0,"36fMkI8URF4axMA+GQtPiW",null,null,null,1,0],[1,0.03306399575767478,0.1844119207842037,0.10978234194204364],[3,-0.4931638496955925,0.6578569337243246,-0.3706222495301517,-0.4320333554917519],[1,75.35064805746391,-98.54127076708987,-19.18504668074278]],[45,1,[4,"c1/ZdOZ1dK663QRIGZn0JK"],6,5],[5,["a3ZGmw97ZZqrV5oMJ23CKq"]],[46,1,[4,"7aSFSjk7hGErAJTSbqyrcb"]]],0,[0,-1,2,0,4,2,0,6,9,0,4,2,0,6,7,0,4,2,0,6,7,0,3,1,0,2,1,0,2,1,0,2,1,0,-4,9,0,-5,7,0,-1,2,0,1,3,0,1,3,0,1,3,0,1,3,0,7,2,0,1,8,0,1,8,0,1,4,0,1,4,0,4,5,0,1,4,0,4,6,0,1,4,0,2,2,0,-1,5,0,-2,6,0,3,2,0,5,1,31],[0,0,0],[8,7,12],[4,1,5]],[[[47,"Skin-0",4204571687,["Bip001/Bip001 Pelvis/Bip001 Spine/Bip001 R Thigh/Bip001 R Calf/Bip001 R Foot","Bip001/Bip001 Pelvis/Bip001 Spine/Bip001 R Thigh/Bip001 R Calf/Bip001 R Foot/Bip001 R Toe0","Bip001/Bip001 Pelvis/Bip001 Spine/Bip001 L Thigh/Bip001 L Calf/Bip001 L Foot","Bip001/Bip001 Pelvis/Bip001 Spine/Bip001 R Thigh/Bip001 R Calf","Bip001/Bip001 Pelvis/Bip001 Spine/Bip001 R Thigh","Bip001/Bip001 Pelvis/Bip001 Spine/Bip001 L Thigh","Bip001/Bip001 Pelvis/Bip001 Spine/Bip001 L Thigh/Bip001 L Calf","Bip001/Bip001 Pelvis/Bip001 Spine","Bip001/Bip001 Pelvis","Bip001/Bip001 Pelvis/Bip001 Spine/Bip001 Spine1","Bip001","Bip001/Bip001 Pelvis/Bip001 Spine/Bip001 Spine1/Bip001 Neck/Bip001 Head","Bip001/Bip001 Pelvis/Bip001 Spine/Bip001 Spine1/jiantong","Bip001/Bip001 Pelvis/Bip001 Spine/Bip001 Spine1/Bip001 Neck","Bip001/Bip001 Pelvis/Bip001 Spine/Bip001 Spine1/Bip001 Neck/Bip001 R Clavicle","Bip001/Bip001 Pelvis/Bip001 Spine/Bip001 Spine1/Bip001 Neck/Bip001 R Clavicle/Bip001 R UpperArm","Bip001/Bip001 Pelvis/Bip001 Spine/Bip001 Spine1/Bip001 Neck/Bip001 R Clavicle/Bip001 R UpperArm/Bone034","Bip001/Bip001 Pelvis/Bip001 Spine/Bip001 Spine1/Bip001 Neck/Bip001 R Clavicle/Bip001 R UpperArm/Bone034/Bone035","Bip001/Bip001 Pelvis/Bip001 Spine/Bip001 Spine1/Bip001 Neck/Bip001 L Clavicle","Bip001/Bip001 Pelvis/Bip001 Spine/Bip001 Spine1/Bip001 Neck/Bip001 Head/Bone013/Bone014/Bone015/Bone016/Bone017","Bip001/Bip001 Pelvis/Bip001 Spine/Bip001 Spine1/Bip001 Neck/Bip001 Head/Bone010/Bone011","Bip001/Bip001 Pelvis/Bip001 Spine/Bip001 Spine1/Bip001 Neck/Bip001 Head/Bone010/Bone011/Bone012","Bip001/Bip001 Pelvis/Bone018","Bip001/Bip001 Pelvis/Bone022","Bip001/Bip001 Pelvis/Bone030","Bip001/Bip001 Pelvis/Bone030/Bone031","Bip001/Bip001 Pelvis/Bone018/Bone019","Bip001/Bip001 Pelvis/Bone022/Bone023","Bip001/Bip001 Pelvis/Bone022/Bone023/Bone024","Bip001/Bip001 Pelvis/Bone022/Bone023/Bone024/Bone025","Bip001/Bip001 Pelvis/Bone030/Bone031/Bone032","Bip001/Bip001 Pelvis/Bone030/Bone031/Bone032/Bone033","Bip001/Bip001 Pelvis/Bone018/Bone019/Bone020","Bip001/Bip001 Pelvis/Bone018/Bone019/Bone020/Bone021","Bip001/Bip001 Pelvis/Bip001 Spine/Bip001 Spine1/Bip001 Neck/Bip001 Head/Bone013","Bip001/Bip001 Pelvis/Bip001 Spine/Bip001 Spine1/Bip001 Neck/Bip001 Head/Bone013/Bone014","Bip001/Bip001 Pelvis/Bip001 Spine/Bip001 Spine1/Bip001 Neck/Bip001 Head/Bone013/Bone014/Bone015","Bip001/Bip001 Pelvis/Bip001 Spine/Bip001 Spine1/Bip001 Neck/Bip001 Head/Bone013/Bone014/Bone015/Bone016","Bip001/Bip001 Pelvis/Bip001 Spine/Bip001 L Thigh/Bip001 L Calf/Bip001 L Foot/Bip001 L Toe0","Bip001/Bip001 Pelvis/Bip001 Spine/Bip001 Spine1/Bip001 Neck/Bip001 L Clavicle/Bip001 L UpperArm","Bip001/Bip001 Pelvis/Bip001 Spine/Bip001 Spine1/Bip001 Neck/Bip001 L Clavicle/Bip001 L UpperArm/Bone036","Bip001/Bip001 Pelvis/Bip001 Spine/Bip001 Spine1/Bip001 Neck/Bip001 L Clavicle/Bip001 L UpperArm/Bone036/Bone037","Bip001/Bip001 Pelvis/Bip001 Spine/Bip001 Spine1/Bip001 Neck/Bip001 Head/Bone007/Bone008","Bip001/Bip001 Pelvis/Bip001 Spine/Bip001 Spine1/Bip001 Neck/Bip001 Head/Bone007/Bone008/Bone009","Bip001/Bip001 Pelvis/Bone026","Bip001/Bip001 Pelvis/Bone026/Bone027","Bip001/Bip001 Pelvis/Bone026/Bone027/Bone028","Bip001/Bip001 Pelvis/Bone026/Bone027/Bone028/Bone029","Bip001/Bip001 Pelvis/Bip001 Spine/Bip001 Spine1/Bip001 Neck/Bip001 Head/Bone010","Bip001/Bip001 Pelvis/Bip001 Spine/Bip001 Spine1/Bip001 Neck/Bip001 Head/Bone007","Bip001/Bip001 Pelvis/Bip001 Spine/Bip001 Spine1/Bip001 Neck/Bip001 L Clavicle/Bip001 L UpperArm/Bip001 L Forearm/Bip001 L Hand/gongjian/Bone004/Bone005","Bip001/Bip001 Pelvis/Bip001 Spine/Bip001 Spine1/Bip001 Neck/Bip001 L Clavicle/Bip001 L UpperArm/Bip001 L Forearm/Bip001 L Hand/gongjian/Bone004/Bone005/Bone006","Bip001/Bip001 Pelvis/Bip001 Spine/Bip001 Spine1/Bip001 Neck/Bip001 L Clavicle/Bip001 L UpperArm/Bip001 L Forearm/Bip001 L Hand/gongjian","Bip001/Bip001 Pelvis/Bip001 Spine/Bip001 Spine1/Bip001 Neck/Bip001 L Clavicle/Bip001 L UpperArm/Bip001 L Forearm/Bip001 L Hand/gongjian/Bone004","Bip001/Bip001 Pelvis/Bip001 Spine/Bip001 Spine1/Bip001 Neck/Bip001 L Clavicle/Bip001 L UpperArm/Bip001 L Forearm/Bip001 L Hand","Bip001/Bip001 Pelvis/Bip001 Spine/Bip001 Spine1/Bip001 Neck/Bip001 L Clavicle/Bip001 L UpperArm/Bip001 L Forearm/Bip001 L Hand/Bip001 L Finger1","Bip001/Bip001 Pelvis/Bip001 Spine/Bip001 Spine1/Bip001 Neck/Bip001 L Clavicle/Bip001 L UpperArm/Bip001 L Forearm/Bip001 L Hand/Bip001 L Finger1/Bip001 L Finger11","Bip001/Bip001 Pelvis/Bip001 Spine/Bip001 Spine1/Bip001 Neck/Bip001 L Clavicle/Bip001 L UpperArm/Bip001 L Forearm/Bip001 L Hand/gongjian/gongjian_la","Bip001/Bip001 Pelvis/Bip001 Spine/Bip001 Spine1/Bip001 Neck/Bip001 L Clavicle/Bip001 L UpperArm/Bip001 L Forearm/Bip001 L Hand/gongjian/Bone001/Bone002","Bip001/Bip001 Pelvis/Bip001 Spine/Bip001 Spine1/Bip001 Neck/Bip001 L Clavicle/Bip001 L UpperArm/Bip001 L Forearm/Bip001 L Hand/gongjian/Bone001/Bone002/Bone003","Bip001/Bip001 Pelvis/Bip001 Spine/Bip001 Spine1/Bip001 Neck/Bip001 L Clavicle/Bip001 L UpperArm/Bip001 L Forearm/Bip001 L Hand/gongjian/Bone001","Bip001/Bip001 Pelvis/Bip001 Spine/Bip001 Spine1/Bip001 Neck/Bip001 R Clavicle/Bip001 R UpperArm/Bip001 R Forearm/Bip001 R Hand","Bip001/Bip001 Pelvis/Bip001 Spine/Bip001 Spine1/Bip001 Neck/Bip001 R Clavicle/Bip001 R UpperArm/Bip001 R Forearm/Bip001 R Hand/Bip001 R Finger1","Bip001/Bip001 Pelvis/Bip001 Spine/Bip001 Spine1/Bip001 Neck/Bip001 R Clavicle/Bip001 R UpperArm/Bip001 R Forearm/Bip001 R Hand/Bip001 R Finger1/Bip001 R Finger11","Bip001/Bip001 Pelvis/Bip001 Spine/Bip001 Spine1/Bip001 Neck/Bip001 R Clavicle/Bip001 R UpperArm/Bip001 R Forearm","Bip001/Bip001 Pelvis/Bip001 Spine/Bip001 Spine1/Bip001 Neck/Bip001 R Clavicle/Bip001 R UpperArm/Bip001 R Forearm/Bip001 R Hand/Bip001 R Finger0","Bip001/Bip001 Pelvis/Bip001 Spine/Bip001 Spine1/Bip001 Neck/Bip001 R Clavicle/Bip001 R UpperArm/Bip001 R Forearm/Bip001 R Hand/Bip001 R Finger0/Bip001 R Finger01","Bip001/Bip001 Pelvis/Bip001 Spine/Bip001 Spine1/Bip001 Neck/Bip001 L Clavicle/Bip001 L UpperArm/Bip001 L Forearm","Bip001/Bip001 Pelvis/Bip001 Spine/Bip001 Spine1/Bip001 Neck/Bip001 L Clavicle/Bip001 L UpperArm/Bip001 L Forearm/Bip001 L Hand/Bip001 L Finger0","Bip001/Bip001 Pelvis/Bip001 Spine/Bip001 Spine1/Bip001 Neck/Bip001 L Clavicle/Bip001 L UpperArm/Bip001 L Forearm/Bip001 L Hand/Bip001 L Finger0/Bip001 L Finger01"],[[[7,4.371138828673793e-8,-0.04899996891617775,-0.9987988471984863,0,-6.123234262925839e-17,-0.9987988471984863,0.04899996891617775,0,-1,-2.141856692006172e-9,-4.3658882731278936e-8,0,0.02790239453315735,0.006287585012614727,-0.028615828603506088,1],[7,-0.04899996891617775,4.3658882731278936e-8,-0.9987988471984863,0,-0.9987988471984863,-4.5853248309413175e-8,0.04899996891617775,0,-4.3658886283992615e-8,1,4.5853248309413175e-8,0,-0.0240061953663826,-0.00016744011372793466,-0.028615830466151237,1],[7,4.371138828673793e-8,0.04900271072983742,-0.998798668384552,0,-6.123234262925839e-17,-0.998798668384552,-0.04900271072983742,0,-1,2.1419765960928316e-9,-4.365887562585158e-8,0,0.0279023926705122,0.006287586409598589,0.0286157988011837,1],[7,-2.1068972344551185e-8,0.0000013735137827097788,-1,0,0.07253024727106094,-0.997366189956665,-0.0000013714244460061309,0,-0.9973662495613098,-0.07253024727106094,-7.86078260262002e-8,0,0.11435721814632416,0.009685778990387917,-0.02827335149049759,1],[7,5.662468183231795e-8,0.0000013725062899538898,-1,0,0.016022076830267906,-0.9998716711997986,-0.0000013714228543904028,0,-0.9998716115951538,-0.016022078692913055,-7.860781892077284e-8,0,0.19997432827949524,0.003204406937584281,-0.02827335149049759,1],[7,-2.7537720370673924e-7,0.0000013661548337040585,-1,0,0.016022076830267906,-0.9998716711997986,-0.00000137039160108543,0,-0.9998716115951538,-0.016022078692913055,2.5345323706460476e-7,0,0.19997432827949524,0.0032044071704149246,0.028273316100239754,1],[7,-3.5218042171436537e-7,0.0000013483971770256176,-1,0,0.07253024727106094,-0.997366189956665,-0.0000013703896684091887,0,-0.9973662495613098,-0.07253024727106094,2.534532654863142e-7,0,0.11435721814632416,0.009685778990387917,0.028273316100239754,1],[7,4.851649038073447e-8,-0.0000014035521189725841,1,0,-0.035390108823776245,-0.9993736147880554,-0.0000014009559663463733,0,0.9993735551834106,-0.035390112549066544,-9.815796886414319e-8,0,-0.22068306803703308,0.007848055101931095,2.1767368352243466e-8,1],[7,0.0000013868000223737909,0.0000027577070795814507,1,0,6.123234262925839e-17,-1,0.0000027577070795814507,0,1,-3.8243271396898315e-12,-0.0000013868001360606286,0,-0.20000000298023224,7.648776902645371e-13,2.7736001584344194e-7,1],[7,-1.6969124772003852e-7,-0.0000014132363048702246,1,0,0.12378023564815521,-0.9923097491264343,-0.0000013813635177939432,0,0.9923096895217896,0.12378024309873581,3.433169695199467e-7,0,-0.26025575399398804,-0.03387313336133957,-9.39505326869039e-8,1],[7,0.000001370906943520822,1,-6.123234262925839e-17,0,-1,0.000001370906943520822,6.123225660247469e-17,0,6.123234262925839e-17,6.123225660247469e-17,1,0,3.173835924310886e-39,-1.2246468525851679e-17,-0.20000000298023224,1],[7,0.0000013430886838250444,-0.000001402693328600435,1,0,6.123234262925839e-17,-1,-0.000001402693328600435,0,1,1.8840029362976463e-12,-0.0000013430887975118821,0,-0.3386670649051666,0.01173066720366478,4.7546387804686674e-7,1],[7,1.5596921087990268e-8,-4.0790886224328915e-9,-1,0,-0.9909771680831909,0.13403020799160004,-1.6002916325419392e-8,0,0.13403019309043884,0.9909772276878357,-1.951825590040812e-9,0,0.008639190346002579,-0.2871951758861542,-0.003302530152723193,1],[7,2.1704380515075172e-7,-0.0000014199836186890025,1,0,-0.15832139551639557,-0.9873877167701721,-0.0000013677115475729806,0,0.9873876571655273,-0.15832139551639557,-4.391201571252168e-7,0,-0.31962019205093384,0.06520096212625504,1.6890911069822323e-7,1],[7,-0.9485144019126892,-0.000001340687958872877,0.3167341947555542,0,-0.039456967264413834,0.992210865020752,-0.11815639585256577,0,-0.3142669200897217,-0.12457041442394257,-0.9411262273788452,0,0.08695398271083832,0.029901068657636642,0.30090078711509705,1],[7,-0.7680574059486389,-0.05365787073969841,0.6381290555000305,0,-0.0057912832126021385,0.9970247149467468,0.07686561346054077,0,-0.6403548717498779,0.05534161627292633,-0.7660828828811646,0,0.1609424650669098,-0.02717585302889347,0.26024898886680603,1],[7,-0.8849770426750183,0.4656343460083008,-2.2718135994637123e-7,0,1.4901158351676713e-7,-2.0468735328904586e-7,-1,0,-0.4656343460083008,-0.8849770426750183,1.1175872316471214e-7,0,0.11712685227394104,0.2948153018951416,0.008519081398844719,1],[7,-0.8849771618843079,0.46563422679901123,-2.2718137415722595e-7,0,1.49011640360186e-7,-2.0468733907819114e-7,-1,0,-0.46563422679901123,-0.8849771618843079,1.1175872316471214e-7,0,0.08137810230255127,0.2948153614997864,0.00851907953619957,1],[7,0.9485145211219788,-0.0000013797205156151904,0.31673386693000793,0,-0.03945436701178551,0.992210865020752,0.1181572675704956,0,-0.3142669200897217,-0.12457041442394257,0.9411262273788452,0,0.08695398271083832,0.02990107052028179,-0.30090078711509705,1],[7,-1.5066149217091152e-7,1.614523803539214e-8,-1,0,-0.3208686411380768,-0.947123646736145,3.305101259343246e-8,0,-0.947123646736145,0.3208686411380768,1.478755820016886e-7,0,0.36576491594314575,-0.022842640057206154,-5.131155944582133e-8,1],[7,0.33654993772506714,-0.9098989367485046,0.2425248920917511,0,-0.22826534509658813,-0.3286970257759094,-0.9164352416992188,0,-0.9135802984237671,-0.25306621193885803,0.3183213770389557,0,0.3251253366470337,0.04061628505587578,-0.11394482851028442,1],[7,0.33654987812042236,-0.9098988175392151,0.2425248771905899,0,-0.22826531529426575,-0.32869696617126465,-0.9164352416992188,0,-0.9135801792144775,-0.25306615233421326,0.3183213770389557,0,0.3045700490474701,0.040616292506456375,-0.11394482105970383,1],[7,1.8933151579858531e-7,1.0000001192092896,-1.0558188279219394e-7,0,-0.3426055610179901,-3.432596074048888e-8,-0.9394791126251221,0,-0.9394791126251221,2.14046067981144e-7,0.3426055610179901,0,0.19992032647132874,-4.9508972921330496e-8,-0.10414677113294601,1],[7,-0.4520820379257202,-0.07733358442783356,-0.8886176347732544,0,0.03506617248058319,-0.9970054626464844,0.0689263716340065,0,-0.8912867307662964,-4.4703494239684005e-8,0.45343998074531555,0,0.18174073100090027,-0.006948268041014671,-0.13696520030498505,1],[7,3.1605051731276035e-7,-1.0000001192092896,5.691949240826943e-7,0,0.49519801139831543,6.510128400805115e-7,0.8687801957130432,0,-0.8687801361083984,7.285735126316695e-9,0.49519801139831543,0,0.1796143800020218,-2.146151700799237e-8,-0.13923250138759613,1],[7,-4.631557999346114e-7,-1.0000001192092896,-9.592171181793674e-7,0,0.27073514461517334,-0.0000010487865438335575,0.9626539945602417,0,-0.9626538753509521,1.8616501051837986e-7,0.2707351744174957,0,0.17545929551124573,2.5911395695743522e-8,-0.0998142659664154,1],[7,2.3392757952933607e-7,1.0000001192092896,-6.78395153386191e-8,0,-0.18256379663944244,-2.3992692277374772e-8,-0.9831938743591309,0,-0.9831938147544861,2.42381304360606e-7,0.18256379663944244,0,0.17451080679893494,-5.661105717535975e-8,-0.07634507119655609,1],[7,-0.29265397787094116,-0.05172043666243553,-0.9548184275627136,0,0.01515656802803278,-0.9986617565155029,0.049449775367975235,0,-0.956098198890686,-9.75560681126808e-8,0.29304614663124084,0,0.16351792216300964,-0.005466461181640625,-0.11058032512664795,1],[7,-0.1854018121957779,-0.2753048539161682,-0.9433101415634155,0,0.053093865513801575,-0.9613573551177979,0.27013662457466125,0,-0.9812276363372803,-1.639129436625808e-7,0.19285434484481812,0,0.1468181610107422,-0.020189611241221428,-0.09313374757766724,1],[7,-0.1854018121957779,-0.2753048539161682,-0.9433101415634155,0,0.053093865513801575,-0.9613573551177979,0.27013662457466125,0,-0.9812276363372803,-1.639129436625808e-7,0.19285434484481812,0,0.12227239459753036,-0.020189616829156876,-0.09313375502824783,1],[7,-3.0101908521373844e-8,-1.0000001192092896,1.5552033971744095e-7,0,0.13820402324199677,1.4986775909164862e-7,0.9904037117958069,0,-0.9904035925865173,5.1306596304812047e-8,0.13820403814315796,0,0.1579490602016449,-1.24432464332358e-8,-0.07920227944850922,1],[7,-1.175246353568582e-7,-1.0000001192092896,2.4294342892972054e-7,0,0.13820411264896393,2.2436974234096851e-7,0.9904037117958069,0,-0.9904035925865173,1.4997266362115624e-7,0.13820412755012512,0,0.13111332058906555,-2.9613737240197224e-8,-0.07920228689908981,1],[7,2.4346348936887807e-7,-1.0000001192092896,-5.571994279307546e-7,0,0.06961220502853394,-5.388997692534758e-7,0.9975741505622864,0,-0.9975740909576416,-2.816607889144507e-7,0.06961220502853394,0,0.1599186509847641,3.546780646956904e-8,0.03747048228979111,1],[7,2.4346346094716864e-7,-1.0000001192092896,-5.571993710873357e-7,0,0.06961219012737274,-5.388997692534758e-7,0.9975740313529968,0,-0.997573971748352,-2.816607889144507e-7,0.06961219757795334,0,0.13732244074344635,3.458915998066914e-8,0.037470493465662,1],[7,-3.706338702613721e-8,-1.6505819644407893e-7,-1,0,0.9934088587760925,0.11462464928627014,-5.573884109821847e-8,0,0.11462464928627014,-0.9934088587760925,1.5972190681168286e-7,0,-0.10894107818603516,0.4571993947029114,-5.188396201560863e-8,1],[7,-2.4270542553495034e-7,2.030208179348847e-8,-1,0,0.6770560145378113,-0.7359314560890198,-1.7926613793406432e-7,0,-0.735931396484375,-0.6770560145378113,1.6486893628098187e-7,0,0.2906617522239685,0.37764447927474976,-4.206705739306926e-8,1],[7,-1.390442321280716e-7,-6.022292353691228e-8,-1,0,0.18772178888320923,-0.9822222590446472,3.305065732206458e-8,0,-0.9822221398353577,-0.18772181868553162,1.4787751467792987e-7,0,0.4179098904132843,0.18525917828083038,-5.13123019629802e-8,1],[7,-1.5066149217091152e-7,1.614523803539214e-8,-1,0,-0.3208686411380768,-0.947123646736145,3.305101259343246e-8,0,-0.947123646736145,0.3208686411380768,1.478755820016886e-7,0,0.4161258637905121,-0.02284262701869011,-5.131156299853501e-8,1],[7,0.04900271072983742,-4.3658882731278936e-8,-0.998798668384552,0,-0.998798668384552,-4.5853361996250896e-8,-0.04900271072983742,0,-4.365887562585158e-8,1,-4.585337265439193e-8,0,-0.02400619350373745,-0.00016744011372793466,0.0286157988011837,1],[7,0.7680574059486389,0.05365514010190964,0.6381292939186096,0,-0.005789177492260933,0.9970248937606812,-0.0768638625741005,0,-0.6403548717498779,0.05534161999821663,0.7660828828811646,0,0.1609424650669098,-0.02717585489153862,-0.26024898886680603,1],[7,0.8849775195121765,-0.46563416719436646,4.0625735664434615e-7,0,2.086163704007049e-7,-4.759887133332086e-7,-1.0000001192092896,0,-0.4656343162059784,-0.8849772810935974,3.2410036965302425e-7,0,0.11719141900539398,0.2947813868522644,0.008519013412296772,1],[7,0.8849776387214661,-0.4656340479850769,4.062573850660556e-7,0,2.0861646987668792e-7,-4.759887133332086e-7,-1.0000001192092896,0,-0.46563416719436646,-0.884977400302887,3.2410036965302425e-7,0,0.08144266903400421,0.2947814464569092,0.008519010618329048,1],[7,-0.33654990792274475,0.909898579120636,-0.24252501130104065,0,-0.22826513648033142,-0.3286970555782318,-0.9164350032806396,0,-0.9135801792144775,-0.25306615233421326,0.31832119822502136,0,0.32535821199417114,0.039986781775951385,-0.11377698183059692,1],[7,-0.33654987812042236,0.9098984599113464,-0.24252501130104065,0,-0.22826510667800903,-0.32869699597358704,-0.9164350628852844,0,-0.913580060005188,-0.25306612253189087,0.31832119822502136,0,0.30480292439460754,0.03998678922653198,-0.11377697438001633,1],[7,0.4519859254360199,-0.08958990126848221,0.8875147700309753,0,0.040657155215740204,0.9959788918495178,0.07983322441577911,0,-0.8910978436470032,3.2802924465613614e-7,0.4538109600543976,0,0.1817329078912735,0.007656728383153677,-0.13694430887699127,1],[7,0.29265159368515015,-0.051720596849918365,0.9548189640045166,0,0.015156717970967293,0.9986615777015686,0.049449894577264786,0,-0.9560986757278442,3.313179206543282e-7,0.2930437922477722,0,0.16351811587810516,0.00546645000576973,-0.11057998985052109,1],[7,0.1854037344455719,-0.2753024399280548,0.9433097839355469,0,0.053094327449798584,0.9613577127456665,0.27013397216796875,0,-0.9812265038490295,5.513433620762953e-7,0.1928563266992569,0,0.1468178629875183,0.020189397037029266,-0.09313400089740753,1],[7,0.18540368974208832,-0.2753024697303772,0.9433097839355469,0,0.053094495087862015,0.9613576531410217,0.27013397216796875,0,-0.9812265038490295,7.232531515910523e-7,0.1928563266992569,0,0.12227210402488708,0.020189378410577774,-0.09313398599624634,1],[7,0.05858141556382179,-0.9322522878646851,0.35703563690185547,0,-0.06718390434980392,-0.36052078008651733,-0.9303286671638489,0,-0.9960192441940308,-0.03051292896270752,0.08375215530395508,0,0.38007527589797974,-0.03738650307059288,-0.028452767059206963,1],[7,-0.0585814006626606,0.9322519302368164,-0.3570358157157898,0,-0.0671837255358696,-0.3605208992958069,-0.9303284287452698,0,-0.996019184589386,-0.03051295503973961,0.08375198394060135,0,0.3801158666610718,-0.03803146257996559,-0.02820567600429058,1],[7,-0.4742397964000702,-0.8803957104682922,2.2617271611125034e-7,0,3.035831923625665e-7,9.336887529798332e-8,0.9999997615814209,0,-0.8803958296775818,0.4742397367954254,2.2299403212855395e-7,0,0.21350319683551788,0.14581024646759033,-0.009000102989375591,1],[7,-0.4742397964000702,-0.8803957104682922,2.2617271611125034e-7,0,3.035831923625665e-7,9.336887529798332e-8,0.9999997615814209,0,-0.8803958296775818,0.4742397367954254,2.2299403212855395e-7,0,0.12188676744699478,0.14581026136875153,-0.009000102989375591,1],[7,1,-5.782931111752987e-8,-5.587918128213687e-9,0,-5.587935447692871e-9,-2.756714252427628e-7,-0.9999997615814209,0,5.782931111752987e-8,1,-2.756713399776345e-7,0,-0.23667798936367035,-0.226932093501091,0.009085218422114849,1],[7,-0.33389443159103394,-0.942610502243042,2.542557240303722e-7,0,3.473836898137961e-7,1.4668448500287923e-7,0.9999997615814209,0,-0.9426105618476868,0.33389440178871155,2.7847028150063124e-7,0,0.2644696533679962,0.17677174508571625,-0.00900011882185936,1],[7,0.8117795586585999,-0.5831953883171082,-0.02995176613330841,0,0.0474778413772583,0.01479235477745533,0.9987627863883972,0,-0.5820307731628418,-0.8121972680091858,0.039696987718343735,0,0.038468848913908005,0.2649611532688141,-0.01352649088948965,1],[7,0.7347710728645325,-0.6776329278945923,-0.03041617013514042,0,0.048828404396772385,0.008114737458527088,0.9987742900848389,0,-0.6765554547309875,-0.7353556156158447,0.039050206542015076,0,0.04318578541278839,0.26166102290153503,-0.013315493240952492,1],[7,0.7849104404449463,-0.6188623309135437,-0.03041617013514042,0,0.04805586487054825,0.01186154130846262,0.9987742900848389,0,-0.6177428960800171,-0.7854099869728088,0.039050210267305374,0,0.013815042562782764,0.26351502537727356,-0.013315492309629917,1],[7,1,-5.782931111752987e-8,-5.587918128213687e-9,0,-5.587935447692871e-9,-2.756714252427628e-7,-0.9999997615814209,0,5.782931111752987e-8,1,-2.756713399776345e-7,0,-0.17539045214653015,-0.22709661722183228,0.009231855161488056,1],[7,-0.47423967719078064,-0.880395770072937,2.390224551618303e-7,0,-1.3887918726140924e-7,-1.9668482309498359e-7,-0.9999997615814209,0,0.8803956508636475,-0.4742397367954254,-2.8992904077540516e-8,0,-0.18536539375782013,0.36066752672195435,0.009061933495104313,1],[7,-0.47423967719078064,-0.880395770072937,2.390224551618303e-7,0,-1.3887918726140924e-7,-1.9668482309498359e-7,-0.9999997615814209,0,0.8803956508636475,-0.4742397367954254,-2.8992904077540516e-8,0,-0.27698183059692383,0.36066752672195435,0.009061933495104313,1],[7,-0.3338944613933563,-0.942610502243042,2.671050935987296e-7,0,-1.688065225380342e-7,-2.2357231443947967e-7,-0.9999997615814209,0,0.9426104426383972,-0.3338944911956787,-8.44692209511777e-8,0,-0.16258567571640015,0.32804471254348755,0.009061942808330059,1],[7,-0.8117796778678894,0.5831953883171082,-0.02994902990758419,0,0.04747561737895012,0.014793948270380497,-0.998762845993042,0,-0.5820308327674866,-0.8121972680091858,-0.039696983993053436,0,0.038468848913908005,0.2649611532688141,0.013526489026844501,1],[7,-0.734771192073822,0.6776329874992371,-0.03041343204677105,0,0.04882638901472092,0.008116588927805424,-0.9987742900848389,0,-0.6765555143356323,-0.7353556156158447,-0.03905020281672478,0,0.04318579286336899,0.2616610527038574,0.013315490446984768,1],[7,-0.7849105596542358,0.6188623309135437,-0.0304134339094162,0,0.048053715378046036,0.011863232590258121,-0.9987742900848389,0,-0.6177430152893066,-0.7854099273681641,-0.039050206542015076,0,0.013815046288073063,0.26351502537727356,0.013315491378307343,1],[7,-0.7684171199798584,-0.04823441430926323,0.6381290555000305,0,0.0012473722454160452,0.9970406889915466,0.07686561346054077,0,-0.6399481892585754,0.05986083298921585,-0.7660829424858093,0,0.10569632053375244,-0.02792271412909031,0.26024898886680603,1],[7,-0.16038766503334045,-0.0052536409348249435,0.9870402216911316,0,-0.38480162620544434,0.9211987853050232,-0.05762459710240364,0,-0.9089574217796326,-0.38905689120292664,-0.14977054297924042,0,0.1816757470369339,0.0925070196390152,0.15872129797935486,1],[7,-0.15246526896953583,0.050061579793691635,0.9870401620864868,0,-0.04559509456157684,0.9972966313362122,-0.05762472748756409,0,-0.9872565269470215,-0.053789954632520676,-0.14977054297924042,0,0.19132812321186066,0.028637241572141647,0.15872129797935486,1],[7,0.7684171199798584,0.04823168367147446,0.6381292343139648,0,0.001249479129910469,0.9970408082008362,-0.0768638625741005,0,-0.6399481892585754,0.05986083671450615,0.7660829424858093,0,0.10569633543491364,-0.02792271412909031,-0.26024898886680603,1],[7,0.16038872301578522,0.005251066293567419,0.9870399236679077,0,-0.38480114936828613,0.9211987853050232,0.05762733519077301,0,-0.9089574217796326,-0.38905689120292664,0.14977049827575684,0,0.1816757470369339,0.0925070196390152,-0.15872125327587128,1],[7,0.15246540307998657,-0.05006455257534981,0.9870399236679077,0,-0.04559464752674103,0.9972965121269226,0.057627659291028976,0,-0.9872565269470215,-0.05378996580839157,0.14977052807807922,0,0.19132812321186066,0.028637273237109184,-0.15872125327587128,1]],8,8,8,8,8,8,8,8,8,8,8,8,8,8,8,8,8,8,8,8,8,8,8,8,8,8,8,8,8,8,8,8,8,8,8,8,8,8,8,8,8,8,8,8,8,8,8,8,8,8,8,8,8,8,8,8,8,8,8,8,8,8,8,8,8,8,8,8,8,8]]],0,0,[],[],[]],[[[14],[16,"role",[-3,-4],[[48,-2,[4,"79WGHrqChZO7MhLcJbyNUU"],[2,3,4,5,6,7,8],9]],[0,"53gQQIF+FatKdWpKldNDpJ",null,null,null,-1,0]],[25,"Bip001 Pelvis",[-5,-6,-7,-8,-9],[0,"4bi8AESa5XLqs8z780nch8",null,null,null,1,0],[3,-0.41188171100388354,-0.5147662708143204,-0.4834640574536994,0.5758746805710745],[1,-78.75771397844046,-89.8522212949606,-7.630486924094375]],[30,"Bip001 Head",[[[2,"Bip001 HeadNub",-10,[0,"1dKlV4eeNQhqjv2rNYA2m0",null,null,null,1,0],[1,0.13593082129955292,-2.38418573772492e-9,8.326672498573036e-19]],-11,-12,-13],4,1,1,1],[0,"d17gq9IpJaxp0KVuadwF0H",null,null,null,1,0],[1,0.012918281368911266,1.776356799695581e-17,4.76837147544984e-9],[3,0.35597503240723366,-0.0536772982122194,-0.2107654515211706,0.9088335647435027],[1,43.51214722523949,3.3178092747385803,-24.917762476690477]],[1,"Bip001 Spine",2,[-14,-15,-16],[0,"b1ZGxTN/lVGaQ1EMRyRT7b",null,null,null,1,0],[1,0.02064640074968338,0.00045972943189553916,0.002739580813795328],[3,-0.26828703874747906,-0.05065469927815166,0.1640095150805495,0.947922489048652],[1,-31.520661076253948,-0.48889624844361634,19.762169495502953]],[7,"Bip001 Neck",[-17,-18,3],[0,"95TWGZaKlRF6vPmyYqvfU/",null,null,null,1,0],[1,0.06485465914011002,-0.007201700005680323,-7.1525572131747595e-9],[3,0.006708406793550155,-0.0488984841956344,0.13654124635638176,0.9894040749689215],[1,1.5845054450062253,-5.87633547771002,15.636471748776103]],[7,"Bip001 L Hand",[-19,-20,-21],[0,"75/0kDZJ5UF4Fk2r8AJb/r",null,null,null,1,0],[1,0.04774797335267067,0,1.907348590179936e-8],[3,-0.529490044603995,0.049085262323915864,0.07881113007075938,0.8432198618775663],[1,-64.64262464718088,9.600993603361289,4.642018691273673]],[11,"gongjian",6,[[-22,-23,[2,"gongjian_la",-24,[0,"33BSkO+9ha9YJYSBltHYDg",null,null,null,1,0],[1,-0.0612875372171402,0.00016452551062684506,-0.00014663695765193552]]],1,1,4],[0,"16Z3bjQU1S+qOUrfvuZ9QX",null,null,null,1,0],[1,0.021921347826719284,0.00943145714700222,-0.000834126491099596],[3,-0.6830571674254313,0.23082719014591668,-0.20206187027606837,0.6628142386058287],[1,-91.04338711627624,2.113030705467334,-35.67559847940419]],[11,"Bip001",1,[[[8,"Bip001 Footsteps",-25,[0,"a5VNuk5plWiLUOfHZ1Fo+e",null,null,null,1,0],[1,0.005788028705865145,0.03444845601916313,-0.18143485486507416],[3,0.05357651611095825,-0.07839910431516693,0.7174669867307765,0.6900900378323478],[1,100.70887499921838,-102.72951374421508,79.0619560316227]],2],4,1],[0,"f7EFWk5ClR/oUojo4VX7F+",null,null,null,1,0],[1,-0.0032975173089653254,0.19291797280311584,-0.004982247482985258],[3,0.5258516621262586,0.45188924257639956,0.5627623149035794,-0.45008301323993954],[1,-100.75060063529372,-92.39744796054883,-1.7951469034734033]],[11,"Bip001 Spine1",4,[[5,[8,"jiantong",-26,[0,"89ROSPfAtU9YaIpAnMVBIg",null,null,null,1,0],[1,0.026834793388843536,-0.04548034071922302,-0.0033025897573679686],[3,0.7107517879682135,0.7034428874469624,2.3353869055005827e-7,-4.617560127450707e-7],[1,-179.9945402142028,-0.0054412934501263275,89.40776834555899]]],1,4],[0,"77DAiGhB5RlrnaaP07J0+s",null,null,null,1,0],[1,0.04165893420577049,-0.00004060745413880795,0.000014715194993186742],[3,-0.17596529771862393,0.157010334852123,0.006703403445158614,0.9717710806206735],[1,-20.145674291905905,17.926089483649996,-2.4202283889384644]],[7,"Bip001 L UpperArm",[-27,-28],[0,"a8lqDBvohX/J5KPOB4sM+G",null,null,null,1,0],[1,0.03277667984366417,0,0],[3,-0.1127320573982458,0.2235020044459897,-0.050984589954269764,0.9668189638347907],[1,-11.384695030276918,25.177519198400073,-8.567671121148024]],[7,"Bip001 R UpperArm",[-29,-30],[0,"6ffBpc4XNRI7Bi1VmvePXM",null,null,null,1,0],[1,0.03277669474482536,0,0],[3,-0.16346907738568497,-0.34577015302277886,-0.2317511754771237,0.8944340415493186],[1,-28.34552184959575,-46.73549476501517,-17.549330884336456]],[7,"Bip001 R Hand",[-31,-32],[0,"63qg0x+olcGZeCCIja0Gxc",null,null,null,1,0],[1,0.04774795472621918,0,3.552713599391162e-17],[3,0.8284742991230722,0.05632721368324539,-0.08340465437550015,0.5509094701670317],[1,112.74636159813639,11.552153127868277,0.08218909658081923]],[28,"role01",1,[[49,[null],-33,[4,"a3ZGmw97ZZqrV5oMJ23CKq"],[21],1,0,1]],[0,"a2TArN6olRiZ9mDbWkfpjN",null,null,null,1,0],[3,-0.7071067811865476,0,0,0.7071067811865476],[1,-90.00000000000003,0,0]],[1,"Bip001 L Clavicle",5,[10],[0,"28aXRvo7BT5qbGdIW8b4Zq",null,null,null,1,0],[1,-0.009558029472827911,0.006155137903988361,0.013838673010468483],[3,0.5661953293859574,0.008110533758123803,0.8085269024681724,0.16012906110043906],[1,169.94422904616934,-108.61772347055354,15.552521643044676]],[1,"Bip001 L Forearm",10,[6],[0,"2b0GEBj1FWu4p5Cs1KgwLK",null,null,null,1,0],[1,0.05505162104964256,3.278255444882916e-9,0],[3,-4.809815313061046e-17,-1.3794080247667083e-17,-0.30382841405054134,0.9527267681846315],[1,-7.029078765924763e-15,-3.900718588689067e-15,-35.37538474967821]],[1,"Bip001 L Finger0",6,[-34],[0,"3b542btUxb8pHgx0o3vgbB",null,null,null,1,0],[1,0.010407152585685253,0.008119659498333931,-0.014557800255715847],[3,0.7119851590937235,0.5825063490123639,-0.021799914179169745,0.3915204341185174],[1,91.45404471531181,56.66614664103355,54.33123516037303]],[3,"Bip001 L Finger01",16,[[2,"Bip001 L Finger0Nub",-35,[0,"9fg50aswZQP6/rSL1ica/G",null,null,null,1,0],[1,0.009764947928488255,-1.907348590179936e-8,9.53674295089968e-9]]],[0,"5d/UdPGThdG5FSkErJW/8K",null,null,null,1,0],[1,0.011766967363655567,-1.776356799695581e-17,-8.881783998477905e-18],[3,7.3743347654050755e-9,-2.9114864573144975e-8,0.694132015412878,0.7198477236046908],[1,0.00008041866626945552,-0.00008218055941118792,87.91618070384185]],[1,"Bip001 L Finger1",6,[-36],[0,"9aPmVCqQ1bIbEbycbQnfOC",null,null,null,1,0],[1,0.027449216693639755,1.907348590179936e-8,7.1525572131747595e-9],[3,-0.0717021895071044,-0.004192713168595444,0.2313806108951947,0.970208343644776],[1,-8.834955532192172,1.6067120633173584,26.71648713618604]],[3,"Bip001 L Finger11",18,[[2,"Bip001 L Finger1Nub",-37,[0,"2fxhmv8Shb+IYwvUtDycWi",null,null,null,1,0],[1,0.016171302646398544,0,0]]],[0,"baXoQ1fVta6bdBhorM+fg5",null,null,null,1,0],[1,0.009060611948370934,0,-9.53674295089968e-9],[3,-1.0410782773148306e-8,1.6241691816324302e-9,0.5896596490830097,0.8076518422212022],[1,-0.000003523484573576624,0.0000028029066950733087,72.26571917433566]],[1,"Bone004",7,[-38],[0,"c5lIL5kcFXu5ihIl4lnqB0",null,null,null,1,0],[1,0.018253860995173454,-0.03666336461901665,0.00008518218965036795],[3,-0.577107131541366,0.8166684509175497,1.1678396562128305e-7,1.1362093489472554e-7],[1,-0.00005523586957876179,179.9999450241842,-70.49465970040596]],[3,"Bone005",20,[[2,"Bone006",-39,[0,"997YNeNaZf+JfBOuN4nhRT",null,null,null,1,0],[1,0.09161641448736191,-4.76837147544984e-9,-3.552713599391162e-17]]],[0,"adO2TzWkVdTYeaBwKnhdWu",null,null,null,1,0],[1,0.07580065727233887,9.53674295089968e-9,3.552713599391162e-17],[3,-2.7673688866335764e-17,-2.130474661698268e-18,0.07675843914037282,0.9970497189311743],[1,-3.1805546814635176e-15,0,8.804529525990471]],[1,"Bone001",7,[-40],[0,"2bYQop6IRYn7pWpuZqZ7eB",null,null,null,1,0],[1,0.018253937363624573,0.03585518151521683,0.000023155213057179935],[3,-3.0667607123647544e-8,2.406269459493996e-7,0.8166684509175365,0.5771071315413566],[1,-179.9999264835197,179.9999437456731,70.49465970040275]],[3,"Bone002",22,[[2,"Bone003",-41,[0,"6eu6B2AnZaobtPaLLQ3U24",null,null,null,1,0],[1,0.0916164219379425,-1.776356799695581e-17,-1.907348590179936e-8]]],[0,"730SSVDF5cZKXsS3vDgueT",null,null,null,1,0],[1,0.07580063492059708,4.76837147544984e-9,0],[3,8.572389659312264e-9,-1.4285302302375505e-8,0.07675842717202883,0.997049719852564],[1,0.0000011182541827608096,-0.0000017279083078136634,8.804528150461064]],[17,"Bone036",10,[[2,"Bone037",-42,[0,"72pTMEHrRWNahuIKJy0I+z",null,null,null,1,0],[1,0.03574870154261589,-3.814697180359872e-8,1.19209286886246e-9]]],[0,"361m2L/FFfj7fT2wE+A4ut",null,null,null,1,0],[1,-0.01533517800271511,0.000575111829675734,0.0021601486951112747],[3,-0.1042902082438226,0.6744823956995339,0.7265794175002392,0.07924266793142747],[1,-1,-1,-1],[1,-94.45140249452581,165.01713963298593,-1.4630139637417718]],[1,"Bip001 R Clavicle",5,[11],[0,"15qTQXIO1Zx6dIEf6yhS7R",null,null,null,1,0],[1,-0.012087592855095863,0.00615721708163619,-0.011693158186972141],[3,-0.5729326774711936,0.18192968308858795,0.7989430067053537,0.01843392344522855],[1,-161.52170897276778,110.39224133396658,-10.312194326189513]],[1,"Bip001 R Forearm",11,[12],[0,"fbyDkzXmhQLrh5mZ2NyzsM",null,null,null,1,0],[1,0.05505165085196495,0,0],[3,4.627818457999949e-19,1.6718548086789732e-18,-0.266775570982232,0.963758680753177],[1,1.191821676458065e-16,2.3177517803726153e-16,-30.944968501144896]],[1,"Bip001 R Finger0",12,[-43],[0,"b9AS8TgV5bko2yMS2/HolO",null,null,null,1,0],[1,0.010407152585685253,0.008119659498333931,0.0145577909424901],[3,0.7762453660577474,0.5710201936358553,-0.023216957538997718,-0.26615792871259025],[1,-118.06735524579193,-37.68823466196014,64.0089240041166]],[3,"Bip001 R Finger01",27,[[10,"Bip001 R Finger0Nub",-44,[0,"9bM8ImdjBV6JxTZ51cnx