[1,["c5Y32L5oVDuZBGAKuMEbWQ","ecPLPsRPBPmpzzQiGZYRei@6c48a","a2dzqcHEFJOZTeCJTv84M6@6c48a","a3zQCfCrBCDZJ4uf2rk5u8","9fnq3mm21FBKsoNE14yrSH@73b7f","9fnq3mm21FBKsoNE14yrSH@b9485","0eHkiwNnRLqJBges+KsgYY","3dqiEfarhFtZIDL7rkyyVl","98B6ovT3RFPp71HgyOrp/J","a7YStUNeNCOKGpSntUY1g5","a9gpYzg1ZM5puJp5dHJnFd","12Y9dMgWdJKJGmTiZyQR9H@2e76e","9fnq3mm21FBKsoNE14yrSH@0d4df","9fnq3mm21FBKsoNE14yrSH@438fe","9fnq3mm21FBKsoNE14yrSH@989ed","9fnq3mm21FBKsoNE14yrSH@79e35","9fnq3mm21FBKsoNE14yrSH@cf5ee","9fnq3mm21FBKsoNE14yrSH@b4251","90juvDC09Bi4QQlhfBMuhi@6c48a","d1NGQ2rJZCcbhjH0/erZWw"],["_parent","targetInfo","node","root","mainTexture","_effectAsset","target","value","data","source","_particleSystem","_cpuMaterial","_mainTexture","_mesh","asset","projectile","shadeMap1","shadeMap2","collider","_skeleton","_defaultClip"],[["cc.Node",["_name","_objFlags","__editorExtras__","_prefab","_children","_parent","_lpos","_lrot","_euler","_components","_lscale"],0,4,2,1,5,5,5,12,5],["cc.CurveRange",["mode","constantMin","constantMax","constant","spline"],-1,4],["cc.RealKeyframeValue",["rightTangent","rightTangentWeight","leftTangent","leftTangentWeight","value","interpolationMode"],-3],["cc.Node",["_name","_parent","_prefab","_lrot","_euler","_components","_lscale","_children","_lpos"],2,1,4,5,5,2,5,12,5],["cc.Node",["_name","_components","_prefab","_parent","_lscale","_children","_lrot","_euler"],2,9,4,1,5,12,5,5],["cc.Prefab",["_name"],2],["cc.BoxCollider",["_isTrigger","node","__prefab","_size","_center"],2,1,4,5,5],["cc.RigidBody",["_group","_type","node","__prefab","_linearFactor","_angularFactor"],1,1,4,5,5],["cc.Material",["_name","_states","_defines","_techIdx","_props"],-1,12],["cc.ParticleSystem",["_prewarm","scaleSpace","node","__prefab","_materials","startColor","startSizeX","startSizeY","startSizeZ","startSpeed","startRotationX","startRotationY","startRotationZ","startDelay","startLifetime","gravityModifier","rateOverTime","rateOverDistance","_colorOverLifetimeModule","_shapeModule","_sizeOvertimeModule","_velocityOvertimeModule","_forceOvertimeModule","_limitVelocityOvertimeModule","_rotationOvertimeModule","_textureAnimationModule","_noiseModule","_trailModule","renderer"],1,1,4,3,4,4,4,4,4,4,4,4,4,4,4,4,4,4,4,4,4,4,4,4,4,4,4,4],["cc.GradientRange",["_mode","gradient"],2,4],["cc.ColorOvertimeModule",["_enable","color"],2,4],["cc.SizeOvertimeModule",["_enable","size","x","y","z"],2,4,4,4,4],["cc.ColorKey",["time","color"],2,5],["cc.AlphaKey",["alpha","time"],1],["cc.Node",["_name","_parent","_children","_prefab","_lpos","_lrot","_euler"],2,1,9,4,5,5,5],["099f7+8cvJLS4Ye1JPqEanz",["node","__prefab","projectile"],3,1,4,6],["cc.CompPrefabInfo",["fileId"],2],["cc.PrefabInfo",["fileId","instance","root","asset","targetOverrides","nestedPrefabInstanceRoots"],1,1,1,9,2],["cc.PrefabInfo",["fileId","targetOverrides","nestedPrefabInstanceRoots","root","instance","asset"],0,1,4,6],["cc.PrefabInfo",["fileId","instance","targetOverrides","nestedPrefabInstanceRoots","root","asset"],-1,1,1],["cc.TargetOverrideInfo",["propertyPath","source","target","targetInfo"],2,1,1,4],["cc.TargetInfo",["localID"],2],["cc.PrefabInstance",["fileId","prefabRootNode","mountedChildren","mountedComponents","propertyOverrides"],2,1,9,9,9],["cc.MountedChildrenInfo",["targetInfo","nodes"],3,4,2],["cc.MountedComponentsInfo",["targetInfo","components"],3,4,9],["6a855G0TBNEaKK/at0gCn9O",["node","__prefab"],3,1,4],["CCPropertyOverrideInfo",["value","propertyPath","targetInfo"],1,1],["CCPropertyOverrideInfo",["propertyPath","targetInfo","value"],2,1,8],["CCPropertyOverrideInfo",["propertyPath","targetInfo","value"],2,1,4],["CCPropertyOverrideInfo",["propertyPath","targetInfo","value"],2,1,6],["CCPropertyOverrideInfo",["propertyPath","targetInfo","value"],2,1,1],["cc.SkeletalAnimation.Socket",["path","target"],2,1],["9fa1e5awQ9BorjlrEbFG/Mw",["node","__prefab"],3,1,4],["4d902Kv5pFIZaYtgqWS/9Ho",["attackRange","fov","career","node","__prefab","projectileStart"],0,1,4,1],["cc.Mesh",["_native","_hash","_struct"],1,11],["92884HW7q1LLJQezcxPza27",["linearSpeed","node","__prefab","collider"],2,1,4,1],["cc.ShapeModule",["emitFrom","arcSpeed"],2,4],["cc.VelocityOvertimeModule",["x","y","z","speedModifier"],3,4,4,4,4],["cc.ForceOvertimeModule",["x","y","z"],3,4,4,4],["cc.LimitVelocityOvertimeModule",["limitX","limitY","limitZ","limit"],3,4,4,4,4],["cc.RotationOvertimeModule",["_enable","x","y","z"],2,4,4,4],["cc.TextureAnimationModule",["_enable","_numTilesX","_numTilesY","cycleCount","frameOverTime","startFrame"],-1,4,4],["cc.RealCurve",["_times","_values"],2,9],["cc.NoiseModule",[],3],["cc.TrailModule",["lifeTime","widthRatio","colorOverTrail","colorOvertime","_particleSystem"],3,4,4,4,4,1],["cc.ParticleSystemRenderer",["_cpuMaterial","_mainTexture"],3,6,6],["cc.Gradient",["colorKeys","alphaKeys"],3,9,9],["cc.MeshRenderer",["_name","node","__prefab","_materials","bakeSettings","_mesh"],2,1,4,3,4,6],["cc.ModelBakeSettings",[],3],["cc.Skeleton",["_name","_hash","_joints","_bindposes"],0,12],["cc.SkeletalAnimation",["node","__prefab","_clips","_defaultClip"],3,1,4,3,6],["cc.SkinnedMeshRenderer",["_materials","node","__prefab","bakeSettings","_skinningRoot","_mesh","_skeleton"],2,1,4,4,1,6,6]],[[20,0,1,2,3,4,5,5],[1,1],[0,0,5,4,3,6,7,8,2],[15,0,1,2,3,4,5,6,2],[17,0,2],[1,3,2],[0,0,5,3,6,2],[22,0,2],[10,1],[1,0,1,2,4],[0,0,5,3,6,7,10,8,2],[0,0,5,3,6,7,8,2],[27,0,1,2,3],[28,0,1,2,2],[0,0,4,3,6,7,8,2],[8,0,1,2,4,4],[1,0,4,2],[43,0,1,2],[14,0,1,3],[5,0,2],[3,0,1,7,2,8,3,4,2],[21,0,1,2,3,2],[30,0,1,2,2],[35,0,1,2,3],[37,0,1,2],[38,0,1,2,3,1],[39,0,1,2,1],[40,0,1,2,3,1],[41,0,1,2,3,2],[42,0,1,2,3,4,5,5],[2,0,1,2,3,5],[2,4,0,1,2,3,6],[44,1],[45,0,1,2,3,4,1],[46,0,1,1],[49,1],[5,1],[0,0,4,9,3,2],[0,1,2,5,3,3],[0,0,4,9,3,10,2],[0,0,4,3,7,8,2],[3,0,1,5,2,3,6,4,2],[3,0,1,5,2,3,4,2],[4,0,3,1,2,4,2],[4,0,5,1,2,2],[4,0,3,1,2,6,7,2],[16,0,1,2,1],[6,1,2,4,3,1],[6,0,1,2,3,2],[7,0,2,3,4,5,2],[7,0,1,2,3,3],[18,0,1,2,3,4,5,3],[19,0,1,2,3,4,5,4],[23,0,1,2,3,4,2],[24,0,1,1],[25,0,1,1],[26,0,1,1],[29,0,1,2,2],[31,0,1,2,2],[32,0,1,2],[33,0,1,1],[34,0,1,2,3,4,5,4],[8,0,3,1,2,4,5],[36,0,1,2,3,2],[9,0,2,3,4,5,6,7,8,9,10,11,12,13,14,15,16,17,18,19,20,21,22,23,24,25,26,27,28,2],[9,1,2,3,4,5,6,7,8,9,10,11,12,13,14,15,16,17,18,19,20,21,22,23,24,25,26,27,28,2],[10,0,1,2],[11,1,1],[11,0,1,2],[12,1,2,3,4,1],[12,0,1,2,3,4,2],[2,5,4,1,4],[2,5,0,2,3,5],[47,0,1,1],[13,1,1],[13,0,1,2],[14,0,2],[48,0,1,2,3,4,5,2],[50,0,1,2,3,4],[51,0,1,2,3,1],[52,0,1,2,3,4,5,6,2]],[[[[19,"Magician"],[37,"Magician",[-12],[[-7,-8,[46,-9,[4,"1c1LetVihL/bVEBOSdoOn1"],3],[47,-10,[4,"31uu2aBslOfKYBg2CQhlbh"],[1,0,3,0.5],[1,4.7,6,4.2]],[49,4,-11,[4,"0b95RSS1ZEO76HwPWOk5+D"],[1,1,0,1],[1,0,1,0]]],1,1,4,4,4],[51,"25tnRXLCRCi723BoUi53PX",null,-6,0,[[21,["skeletalAnimation"],-3,-2,[7,["95BXM3uBtcup4Rkj3sIavD"]]],[21,["projectileStart"],-5,-4,[7,["73JoY611lDCrdcwMmpyD+X"]]]],[-1]]],[38,0,{},1,[52,"98GsMz47RWV68YjGenrhtk",null,null,-29,[53,"dfBKHrO29DLIK3wcfJ4GGt",1,[[54,[7,["98GsMz47RWV68YjGenrhtk"]],[-28]]],[[55,[7,["98GsMz47RWV68YjGenrhtk"]],[[56,-27,[4,"0aYKqEXPxDcowwHyrzAjA3"]]]]],[[12,"magicianAll",["_name"],-13],[13,["_lpos"],-14,[1,0,0,0]],[13,["_lrot"],-15,[3,0,1,0,6.123233995736766e-17]],[13,["_euler"],-16,[1,0,180,0]],[13,["_lscale"],-17,[1,16,16,16]],[12,true,["playOnLoad"],-18],[12,1,["_sockets","length"],-19],[57,["_sockets","0"],-21,[59,"Bip001/Bip001 Pelvis/Bip001 Spine/Bip001 Spine1/Bip001 Neck/Bip001 R Clavicle/Bip001 R UpperArm/Bip001 R Forearm/Bip001 R Hand",-20]],[22,["_materials","0"],-22,1],[58,["_skinningRoot"],-24,-23],[12,2,["_materials","length"],-25],[22,["_materials","1"],-26,2]]],0]],[7,["98GsMz47RWV68YjGenrhtk"]],[7,["faXJVg8FNYm7l70IBvsjwn"]],[11,"Bip001 R Hand Socket",2,[0,"73JoY611lDCrdcwMmpyD+X",null,null,null,1,0],[1,-0.21478079197304642,0.26645550993757045,-0.07905492249169505],[3,0.25911300415870236,0.3390269209334065,0.9031414693922148,-0.04750457054155068],[1,-140.2390710765835,-149.8493575446089,5.157041465157714]],[7,["95BXM3uBtcup4Rkj3sIavD"]],[60,1,[4,"caN1SJNItCk6ZIq94uxTTm"]],[61,25,30,1,1,[4,"0dnClbiohAwLFNPFS9CLbP"],5]],0,[0,-1,2,0,6,2,0,9,7,0,6,2,0,9,8,0,3,1,0,-1,7,0,-2,8,0,2,1,0,2,1,0,2,1,0,-1,2,0,1,3,0,1,3,0,1,3,0,1,3,0,1,3,0,1,6,0,1,6,0,6,5,0,1,6,0,1,4,0,7,2,0,1,4,0,1,4,0,1,4,0,2,2,0,-1,5,0,3,2,0,8,1,29],[0,0,0,0],[14,7,7,15],[5,6,7,8]],[[[15,"magician",[{"rasterizerState":{},"depthStencilState":{},"blendState":{"targets":[{}]}},{"rasterizerState":{},"depthStencilState":{},"blendState":{"targets":[{}]}},{"rasterizerState":{},"depthStencilState":{},"blendState":{"targets":[{}]}},{"rasterizerState":{},"depthStencilState":{},"blendState":{"targets":[{}]}},{"rasterizerState":{},"depthStencilState":{},"blendState":{"targets":[{}]}},{"rasterizerState":{},"depthStencilState":{},"blendState":{"targets":[{}]}},{"rasterizerState":{},"depthStencilState":{},"blendState":{"targets":[{}]}}],[{},{"USE_BASE_COLOR_MAP":true,"USE_1ST_SHADE_MAP":true,"USE_2ND_SHADE_MAP":true},{},{},{},{},{}],[[{},[{},"mainColor",8,[4,4288651167],"shadeColor1",8,[4,4288651167],"shadeColor2",8,[4,4288124823],"specular",8,[4,16777215],"mainTexture",6,0,"shadeMap1",6,1,"shadeMap2",6,2],{},{},{},{},{}],0,11,0,0,0,0,0]]],0,0,[0,0,0,0],[4,16,17,5],[1,1,1,9]],[[[23,".bin",2489017538,[{"primitives":[{"primitiveMode":7,"vertexBundelIndices":[0],"indexView":{"offset":6776,"length":1200,"count":600,"stride":2}}],"vertexBundles":[{"view":{"offset":0,"length":6776,"count":121,"stride":56},"attributes":[{"name":"a_position","format":32,"isNormalized":false},{"name":"a_normal","format":32,"isNormalized":false},{"name":"a_texCoord","format":21,"isNormalized":false},{"name":"a_tangent","format":44,"isNormalized":false},{"name":"a_texCoord1","format":21,"isNormalized":false}]}]},"minPosition",8,[1,-5,0,-5],"maxPosition",8,[1,5,0,5]]],-1],0,0,[],[],[]],[[[15,"magicianDissolve",[{"rasterizerState":{},"depthStencilState":{},"blendState":{"targets":[{}]}},{"rasterizerState":{},"depthStencilState":{},"blendState":{"targets":[{}]}},{"rasterizerState":{},"depthStencilState":{},"blendState":{"targets":[{}]}}],[{"USE_TEXTURE":true,"USE_ALPHA_TEST":true},{},{}],[[[{"alphaThreshold":0.2},"mainColor",8,[4,4294902015],"colorScale",8,[1,1.3,1.3,1.3],"mainTexture",6,0],{},{}],11,0,0]]],0,0,[0,0],[4,5],[1,3]],[[[19,"FireBox"],[39,"FireBox",[-6,-7,-8],[[-2,[50,16,4,-3,[4,"2eRHt86SFMrLT2OUqmkrMs"]],[63,15,-5,[4,"ebFzKbZxVAQJj2P/RxoOGu"],-4]],1,4,4],[0,"91KGQfDuVPZqHEcxO+vCns",null,null,null,-1,0],[1,10,10,10]],[41,"FireBall",1,[-9],[0,"53Zd8P3+hMjLl2GjsYeE6v",null,null,null,1,0],[3,0.7071067811865475,0,0,0.7071067811865476],[1,5,5,5],[1,89.99999999999999,0,0]],[64,true,2,[4,"9ajMVVPLJNM5ssPpAukV0O"],[0,1],[8],[9,3,0.72,0.77],[1],[1],[1],[1],[1],[9,3,-3.141592653589793,3.141592653589793],[1],[5,2],[1],[5,3],[1],[67,[8]],[24,0,[5,1]],[69,[1],[1],[1],[1]],[25,[1],[1],[1],[5,1]],[26,[1],[1],[1]],[27,[1],[1],[1],[1]],[28,true,[1],[1],[5,-1.5707963267948966]],[29,true,4,4,4,[16,1,[17,[0,1],[[30,1,1,1,1],[31,1,1,1,1,1]]]],[1]],[32],[33,[5,1],[1],[8],[8],-10],[34,2,3]],[42,"FireTail",1,[-11],[0,"85bnJkNvVAMbq8mmippsbT",null,null,null,1,0],[3,1,0,0,6.123233995736766e-17],[1,180,0,0]],[65,0,4,[4,"86wWJenLZD5bxklADOM1bI"],[4],[8],[9,3,0.6,0.65],[1],[1],[9,3,2,1.7],[1],[1],[9,3,-3.141592653589793,3.141592653589793],[1],[9,3,0.7,0.6],[1],[5,6],[1],[68,true,[66,1,[73,[[74,[4,4279355135]],[75,0.66,[4,4278999807]]],[[76,255],[18,255,0.2],[18,255,0.8],[18,255,1]]]]],[24,0,[5,1]],[70,true,[16,1,[17,[0,1],[[71,2,1,0.3333333333333333],[72,2,-2.717803030303028,-2.717803030303028,0.9653124601521129]]]],[1],[1],[1]],[25,[1],[1],[1],[5,1]],[26,[1],[1],[1]],[27,[1],[1],[1],[1]],[28,true,[1],[1],[5,-1.5707963267948966]],[29,true,4,4,1,[16,1,[17,[0,1],[[30,1,1,1,1],[31,1,1,1,1,1]]]],[1]],[32],[33,[5,1],[1],[8],[8],-12],[34,5,6]],[43,"fire_glow",1,[[77,"Plane<ModelComponent>",-13,[4,"2780aT8RpLq7MY5X4HhnXR"],[7],[35],8]],[0,"6de9Gg7ARIGItfPbMz1hHD",null,null,null,1,0],[1,0.12,0.12,0.12]],[48,true,1,[4,"18i+jXP8tIc6QvYjarATfV"],[1,0.4,0.4,0.4]]],0,[0,3,1,0,-1,7,0,2,1,0,18,7,0,2,1,0,-1,2,0,-2,4,0,-3,6,0,-1,3,0,10,3,0,-1,5,0,10,5,0,2,6,0,8,1,13],[0,0,0,0,0,0,0,0,0],[-1,-2,11,12,-1,11,12,-1,13],[0,0,0,2,0,0,2,10,11]],[[[23,".bin",1527207186,[{"primitives":[{"primitiveMode":7,"jointMapIndex":0,"vertexBundelIndices":[0],"indexView":{"offset":56232,"length":6324,"count":3162,"stride":2}}],"vertexBundles":[{"view":{"offset":0,"length":56232,"count":781,"stride":72},"attributes":[{"name":"a_position","format":32,"isNormalized":false},{"name":"a_normal","format":32,"isNormalized":false},{"name":"a_texCoord","format":21,"isNormalized":false},{"name":"a_tangent","format":44,"isNormalized":false},{"name":"a_joints","format":42,"isNormalized":false},{"name":"a_weights","format":44,"isNormalized":false}]}],"jointMaps":[[0,1,2,4,5,6,7,8,9,10,11,12,13,14,15,16,17,18,19,20,24,26,28,29,30,31,32,33,34,35,36,37,38,39,40,44,46,47,48,50,53,54,55,56,58,59,60,61,62,64]]},"minPosition",8,[1,-0.2146553099155426,-0.24527908861637115,-0.06491602212190628],"maxPosition",8,[1,0.19108730554580688,0.1840187907218933,0.3950047194957733]]],-1],0,0,[],[],[]],[[[78,"Skin-0",1119562568,["Bip001/Bip001 Pelvis/Bip001 Spine","Bip001/Bip001 Pelvis/Bip001 Spine/Bip001 Spine1/Bip001 Neck/Bip001 Head","Bip001/Bip001 Pelvis/Bip001 Spine/Bip001 Spine1/Bip001 Neck/Bip001 Head/Bone003(mirrored)/Bone004(mirrored)/Bone005(mirrored)","Bip001/Bip001 Pelvis/Bip001 Spine/Bip001 Spine1/Bip001 Neck/Bip001 Head/Bone003(mirrored)/Bone004(mirrored)/Bone005(mirrored)/Bone006(mirrored)","Bip001/Bip001 Pelvis/Bip001 Spine/Bip001 Spine1/Bip001 Neck","Bip001/Bip001 Pelvis/Bip001 Spine/Bip001 Spine1/Bip001 Neck/Bip001 Head/Bone003(mirrored)","Bip001/Bip001 Pelvis/Bip001 Spine/Bip001 Spine1/Bip001 Neck/Bip001 Head/Bone003(mirrored)/Bone004(mirrored)","Bip001/Bip001 Pelvis/Bip001 Spine/Bip001 Spine1/Bip001 Neck/Bip001 L Clavicle","Bip001/Bip001 Pelvis","Bip001/Bip001 Pelvis/Bip001 Spine/Bip001 Spine1","Bip001/Bip001 Pelvis/Bone007","Bip001/Bip001 Pelvis/Bip001 Spine/Bip001 Spine1/Bip001 Neck/Bip001 L Clavicle/Bip001 L UpperArm","Bip001/Bip001 Pelvis/Bip001 Spine/Bip001 Spine1/Bip001 Neck/Bip001 L Clavicle/Bip001 L UpperArm/Bip001 L Forearm","Bip001/Bip001 Pelvis/Bip001 Spine/Bip001 Spine1/Bip001 Neck/Bip001 L Clavicle/Bip001 L UpperArm/Bip001 L Forearm/Bip001 L Hand","Bip001/Bip001 Pelvis/Bip001 Spine/Bip001 Spine1/Bip001 Neck/Bip001 L Clavicle/Bip001 L UpperArm/Bip001 L Forearm/Bip001 L Hand/Bip001 L Finger2","Bip001/Bip001 Pelvis/Bip001 Spine/Bip001 Spine1/Bip001 Neck/Bip001 L Clavicle/Bip001 L UpperArm/Bip001 L Forearm/Bip001 L Hand/Bip001 L Finger0","Bip001/Bip001 Pelvis/Bip001 Spine/Bip001 Spine1/Bip001 Neck/Bip001 L Clavicle/Bip001 L UpperArm/Bip001 L Forearm/Bip001 L Hand/Bip001 L Finger0/Bip001 L Finger01","Bip001/Bip001 Pelvis/Bip001 Spine/Bip001 Spine1/Bip001 Neck/Bip001 L Clavicle/Bip001 L UpperArm/Bip001 L Forearm/Bip001 L Hand/Bip001 L Finger1","Bip001/Bip001 Pelvis/Bip001 Spine/Bip001 Spine1/Bip001 Neck/Bip001 L Clavicle/Bip001 L UpperArm/Bip001 L Forearm/Bip001 L Hand/Bip001 L Finger3","Bip001/Bip001 Pelvis/Bip001 Spine/Bip001 Spine1/Bip001 Neck/Bip001 L Clavicle/Bip001 L UpperArm/Bip001 L Forearm/Bip001 L Hand/Bip001 L Finger2/Bip001 L Finger21","Bip001/Bip001 Pelvis/Bip001 Spine/Bip001 Spine1/Bip001 Neck/Bip001 L Clavicle/Bip001 L UpperArm/Bip001 L Forearm/Bip001 L Hand/Bip001 L Finger1/Bip001 L Finger11","Bip001/Bip001 Pelvis/Bip001 Spine/Bip001 Spine1/Bip001 Neck/Bip001 L Clavicle/Bip001 L UpperArm/Bip001 L Forearm/Bip001 L Hand/Bip001 L Finger1/Bip001 L Finger11/Bip001 L Finger1Nub","Bip001/Bip001 Pelvis/Bip001 Spine/Bip001 Spine1/Bip001 Neck/Bip001 L Clavicle/Bip001 L UpperArm/Bip001 L Forearm/Bip001 L Hand/Bip001 L Finger2/Bip001 L Finger21/Bip001 L Finger2Nub","Bip001/Bip001 Pelvis/Bip001 Spine/Bip001 Spine1/Bip001 Neck/Bip001 L Clavicle/Bip001 L UpperArm/Bip001 L Forearm/Bip001 L Hand/Bip001 L Finger0/Bip001 L Finger01/Bip001 L Finger0Nub","Bip001/Bip001 Pelvis/Bip001 Spine/Bip001 Spine1/Bip001 Neck/Bip001 L Clavicle/Bip001 L UpperArm/Bip001 L Forearm/Bip001 L Hand/Bip001 L Finger3/Bip001 L Finger31","Bip001/Bip001 Pelvis/Bip001 Spine/Bip001 Spine1/Bip001 Neck/Bip001 L Clavicle/Bip001 L UpperArm/Bip001 L Forearm/Bip001 L Hand/Bip001 L Finger3/Bip001 L Finger31/Bip001 L Finger3Nub","Bip001/Bip001 Pelvis/Bip001 Spine/Bip001 Spine1/Bip001 Neck/Bip001 Head/Bone003/Bone004/Bone005","Bip001/Bip001 Pelvis/Bip001 Spine/Bip001 Spine1/Bip001 Neck/Bip001 Head/Bone003/Bone004/Bone005/Bone006","Bip001/Bip001 Pelvis/Bip001 Spine/Bip001 Spine1/Bip001 Neck/Bip001 Head/Bone003","Bip001/Bip001 Pelvis/Bip001 Spine/Bip001 Spine1/Bip001 Neck/Bip001 Head/Bone003/Bone004","Bip001/Bip001 Pelvis/Bip001 Spine/Bip001 Spine1/Bip001 Neck/Bip001 R Clavicle","Bip001/Bip001 Pelvis/Bip001 Spine/Bip001 Spine1/Bip001 Neck/Bip001 R Clavicle/Bip001 R UpperArm","Bip001/Bip001 Pelvis/Bip001 Spine/Bip001 Spine1/Bip001 Neck/Bip001 R Clavicle/Bip001 R UpperArm/Bip001 R Forearm","Bip001/Bip001 Pelvis/Bip001 Spine/Bip001 Spine1/Bip001 Neck/Bip001 R Clavicle/Bip001 R UpperArm/Bip001 R Forearm/Bip001 R Hand","Bip001/Bip001 Pelvis/Bip001 Spine/Bip001 Spine1/Bip001 Neck/Bip001 R Clavicle/Bip001 R UpperArm/Bip001 R Forearm/Bip001 R Hand/Bip001 R Finger2","Bip001/Bip001 Pelvis/Bip001 Spine/Bip001 Spine1/Bip001 Neck/Bip001 R Clavicle/Bip001 R UpperArm/Bip001 R Forearm/Bip001 R Hand/Bip001 R Finger0","Bip001/Bip001 Pelvis/Bip001 Spine/Bip001 Spine1/Bip001 Neck/Bip001 R Clavicle/Bip001 R UpperArm/Bip001 R Forearm/Bip001 R Hand/Bip001 R Finger0/Bip001 R Finger01","Bip001/Bip001 Pelvis/Bip001 Spine/Bip001 Spine1/Bip001 Neck/Bip001 R Clavicle/Bip001 R UpperArm/Bip001 R Forearm/Bip001 R Hand/Bip001 R Finger1","Bip001/Bip001 Pelvis/Bip001 Spine/Bip001 Spine1/Bip001 Neck/Bip001 R Clavicle/Bip001 R UpperArm/Bip001 R Forearm/Bip001 R Hand/Bip001 R Finger3","Bip001/Bip001 Pelvis/Bip001 Spine/Bip001 Spine1/Bip001 Neck/Bip001 R Clavicle/Bip001 R UpperArm/Bip001 R Forearm/Bip001 R Hand/Bip001 R Finger2/Bip001 R Finger21","Bip001/Bip001 Pelvis/Bip001 Spine/Bip001 Spine1/Bip001 Neck/Bip001 R Clavicle/Bip001 R UpperArm/Bip001 R Forearm/Bip001 R Hand/Bip001 R Finger1/Bip001 R Finger11","Bip001/Bip001 Pelvis/Bip001 Spine/Bip001 Spine1/Bip001 Neck/Bip001 R Clavicle/Bip001 R UpperArm/Bip001 R Forearm/Bip001 R Hand/Bip001 R Finger1/Bip001 R Finger11/Bip001 R Finger1Nub","Bip001/Bip001 Pelvis/Bip001 Spine/Bip001 Spine1/Bip001 Neck/Bip001 R Clavicle/Bip001 R UpperArm/Bip001 R Forearm/Bip001 R Hand/Bip001 R Finger2/Bip001 R Finger21/Bip001 R Finger2Nub","Bip001/Bip001 Pelvis/Bip001 Spine/Bip001 Spine1/Bip001 Neck/Bip001 R Clavicle/Bip001 R UpperArm/Bip001 R Forearm/Bip001 R Hand/Bip001 R Finger0/Bip001 R Finger01/Bip001 R Finger0Nub","Bip001/Bip001 Pelvis/Bip001 Spine/Bip001 Spine1/Bip001 Neck/Bip001 R Clavicle/Bip001 R UpperArm/Bip001 R Forearm/Bip001 R Hand/Bip001 R Finger3/Bip001 R Finger31","Bip001/Bip001 Pelvis/Bip001 Spine/Bip001 Spine1/Bip001 Neck/Bip001 R Clavicle/Bip001 R UpperArm/Bip001 R Forearm/Bip001 R Hand/Bip001 R Finger3/Bip001 R Finger31/Bip001 R Finger3Nub","Bone014","Bone015","Bip001/Bip001 Pelvis/Bone007/Bone008/Bone009","Bip001/Bip001 Pelvis/Bone007/Bone008/Bone009/Bone010","Bip001/Bip001 Pelvis/Bone007/Bone008","Bip001","Bip001/Bip001 Pelvis/Bip001 Spine/Bip001 Spine1/Bip001 Neck/Bip001 Head/Bip001 HeadNub","Bip001/Bip001 Pelvis/Bip001 Spine/Bip001 L Thigh","Bip001/Bip001 Pelvis/Bip001 Spine/Bip001 L Thigh/Bip001 L Calf","Bip001/Bip001 Pelvis/Bip001 Spine/Bip001 L Thigh/Bip001 L Calf/Bip001 L Foot","Bip001/Bip001 Pelvis/Bip001 Spine/Bip001 L Thigh/Bip001 L Calf/Bip001 L Foot/Bip001 L Toe0","Bip001/Bip001 Pelvis/Bip001 Spine/Bip001 L Thigh/Bip001 L Calf/Bip001 L Foot/Bip001 L Toe0/Bip001 L Toe0Nub","Bip001/Bip001 Pelvis/Bip001 Spine/Bip001 R Thigh","Bip001/Bip001 Pelvis/Bone011","Bip001/Bip001 Pelvis/Bip001 Spine/Bip001 R Thigh/Bip001 R Calf","Bip001/Bip001 Pelvis/Bip001 Spine/Bip001 R Thigh/Bip001 R Calf/Bip001 R Foot","Bip001/Bip001 Pelvis/Bip001 Spine/Bip001 R Thigh/Bip001 R Calf/Bip001 R Foot/Bip001 R Toe0","Bip001/Bip001 Pelvis/Bip001 Spine/Bip001 R Thigh/Bip001 R Calf/Bip001 R Foot/Bip001 R Toe0/Bip001 R Toe0Nub","Bip001/Bip001 Pelvis/Bone011/Bone012","Bip001/Bip001 Pelvis/Bone011/Bone012/Bone013"],[[[7,8.03939457227898e-8,-0.0000014050524441699963,1,0,-0.058642931282520294,-0.9982790946960449,-0.0000013979198456581798,0,0.9982790350914001,-0.05864293500781059,-1.626519861019915e-7,0,-0.18877945840358734,0.05322303622961044,9.313995263937613e-8,1],[7,0.0000013065091479802504,-0.0000031888469038676703,1,0,-0.9530225992202759,0.30289915204048157,0.0000022110318695922615,0,-0.30289915204048157,-0.9530225992202759,-0.0000026433028779138112,0,0.06657704710960388,0.3192451596260071,8.646580340609944e-7,1],[7,2.686883817659691e-7,-2.140503552183759e-9,1,0,-6.123232277692369e-17,1,2.140503552183759e-9,0,-0.9999997615814209,-6.363609243164605e-16,2.6868843860938796e-7,0,0.25325286388397217,0.03655906766653061,-0.06200893223285675,1],[7,5.610444304693374e-7,-2.140631227831591e-9,1,0,-6.123232939436859e-17,0.9999998807907104,2.140631449876196e-9,0,-0.9999998807907104,-1.262221604702283e-15,5.610444873127562e-7,0,0.22859162092208862,0.03655907139182091,-0.062008991837501526,1],[7,0.0000013212153362474055,-0.0000024078462956822477,1,0,-0.9637527465820312,-0.2667972445487976,6.309180093921896e-7,0,0.26679727435112,-0.9637526869773865,-0.000002673064955160953,0,-0.07465376704931259,0.30378392338752747,8.217750178118877e-7,1],[7,2.0999867444970732e-7,3.045579077820548e-8,1.0000001192092896,0,-6.123234262925839e-17,0.9999998807907104,-3.045579788363284e-8,0,-1,6.334443145933561e-15,2.0999870287141675e-7,0,0.30072373151779175,0.03655906394124031,-0.06200895458459854,1],[7,2.0923037880038464e-7,6.534647267741889e-10,1,0,-6.123232939436859e-17,0.9999997615814209,-6.534648933076426e-10,0,-0.9999998807907104,7.549237390685605e-17,2.0923040722209407e-7,0,0.27552542090415955,0.036559056490659714,-0.06200893968343735,1],[7,1,-0.0000013508707752407645,2.772362961422914e-7,0,0.0000013783528629573993,0.9853848218917847,-0.17034342885017395,0,-4.307247891688348e-8,0.17034342885017395,0.9853847622871399,0,-0.06077241152524948,-0.11027345806360245,-0.2827780246734619,1],[7,0.0000013868000223737909,0.0000027577070795814507,1,0,6.123234262925839e-17,-1,0.0000027577070795814507,0,1,-3.8243271396898315e-12,-0.0000013868001360606286,0,-0.17199380695819855,0.044263023883104324,1.164565830436004e-7,1],[7,2.3460053455437446e-7,-0.0000014229159432943561,1,0,-0.1711280345916748,-0.985248863697052,-0.0000013617794820675044,0,0.9852488040924072,-0.171128049492836,-4.746407284983434e-7,0,-0.22051012516021729,0.07872790098190308,1.6388025869673584e-7,1],[7,3.271075001975987e-7,1,9.139172618688463e-8,0,-6.123234262925839e-17,9.139172618688463e-8,-1,0,-1,3.271075001975987e-7,2.995615366006843e-14,0,0.15762218832969666,0.00042376230703666806,-4.729643343637235e-9,1],[7,0.5261170268058777,0.18934765458106995,0.829064667224884,0,-0.02956603653728962,0.9783809185028076,-0.20468714833259583,0,-0.849898099899292,0.08317725360393524,0.5203410387039185,0,0.21017137169837952,-0.09990419447422028,-0.21235211193561554,1],[7,0.40741732716560364,0.38296571373939514,0.8290647268295288,0,-0.4162284731864929,0.8859216570854187,-0.20468708872795105,0,-0.8128744959831238,-0.261687308549881,0.5203409790992737,0,0.1448756903409958,-0.046088848263025284,-0.21235209703445435,1],[7,0.07390454411506653,-0.9780170917510986,0.19498853385448456,0,-0.3344343304634094,0.1598954200744629,0.9287557005882263,0,-0.9395167827606201,-0.1338501125574112,-0.3152655363082886,0,0.12330495566129684,0.18547280132770538,-0.006798798684030771,1],[7,-0.26426684856414795,-0.9629806876182556,0.05320887640118599,0,-0.43124550580978394,0.1673324555158615,0.8865816593170166,0,-0.8626645803451538,0.21134807169437408,-0.4595015347003937,0,0.14597298204898834,0.15039318799972534,0.03858977183699608,1],[7,-0.7041500210762024,0.3918860852718353,0.592113196849823,0,-0.6790997982025146,-0.128165140748024,-0.7227704524993896,0,-0.20735543966293335,-0.9110428690910339,0.3563772141933441,0,0.12881126999855042,0.06614160537719727,-0.1418178826570511,1],[7,-0.11391595751047134,0.7977627515792847,0.5921130776405334,0,-0.5128658413887024,0.46321845054626465,-0.7227705717086792,0,-0.8508771061897278,-0.38600969314575195,0.35637718439102173,0,0.12163614481687546,-0.050772733986377716,-0.1418178528547287,1],[7,-0.16324105858802795,-0.9459473490715027,0.28024259209632874,0,-0.6197560429573059,0.3193330466747284,0.7168883085250854,0,-0.7676293253898621,-0.056656431406736374,-0.6383848786354065,0,0.10927564650774002,0.18019968271255493,0.037975527346134186,1],[7,-0.17467600107192993,-0.9846066236495972,-0.006155725102871656,0,-0.17983616888523102,0.02575625106692314,0.9833592772483826,0,-0.9680635333061218,0.1728762984275818,-0.18156690895557404,0,0.13616327941417694,0.157331645488739,-0.0043363431468605995,1],[7,-0.7987436652183533,-0.5993139147758484,0.05320864915847778,0,-0.23838075995445251,0.3964182734489441,0.8865816593170166,0,-0.5524336099624634,0.6954677104949951,-0.4595015347003937,0,0.183260977268219,0.04825151339173317,0.03858980908989906,1],[7,-0.5716147422790527,-0.7711813449859619,0.2802424728870392,0,-0.4096433222293854,0.564148485660553,0.7168883085250854,0,-0.710949182510376,0.29498451948165894,-0.6383849382400513,0,0.15690726041793823,0.12269916385412216,0.037975557148456573,1],[7,-0.5716147422790527,-0.7711813449859619,0.2802424728870392,0,-0.4096433222293854,0.564148485660553,0.7168883085250854,0,-0.710949182510376,0.29498451948165894,-0.6383849382400513,0,0.12518182396888733,0.12269916385412216,0.037975557148456573,1],[7,-0.7987436652183533,-0.5993139147758484,0.05320864915847778,0,-0.23838075995445251,0.3964182734489441,0.8865816593170166,0,-0.5524336099624634,0.6954677104949951,-0.4595015347003937,0,0.14925827085971832,0.04825151339173317,0.03858980908989906,1],[7,-0.11391595751047134,0.7977627515792847,0.5921130776405334,0,-0.5128658413887024,0.46321845054626465,-0.7227705717086792,0,-0.8508771061897278,-0.38600969314575195,0.35637718439102173,0,0.09108136594295502,-0.05077274143695831,-0.1418178528547287,1],[7,-0.8083651065826416,-0.5886489748954773,-0.006156370975077152,0,-0.1117771714925766,0.1432141661643982,0.9833592772483826,0,-0.5779716968536377,0.7956016659736633,-0.18156687915325165,0,0.1856953352689743,0.039707016199827194,-0.004336231388151646,1],[7,-0.8083651065826416,-0.5886489748954773,-0.006156370975077152,0,-0.1117771714925766,0.1432141661643982,0.9833592772483826,0,-0.5779716968536377,0.7956016659736633,-0.18156687915325165,0,0.15222279727458954,0.03970701992511749,-0.004336231388151646,1],[7,6.672455299394642e-8,-8.747225876959419e-8,-1,0,-6.123232939436859e-17,-1,8.747225876959419e-8,0,-0.9999998807907104,-5.775315426901576e-15,-6.672456009937378e-8,0,0.25325292348861694,-0.036559075117111206,-0.05799111723899841,1],[7,6.672455299394642e-8,-8.747225876959419e-8,-1,0,-6.123232939436859e-17,-1,8.747225876959419e-8,0,-0.9999998807907104,-5.775315426901576e-15,-6.672456009937378e-8,0,0.2285916656255722,-0.036559078842401505,-0.05799111723899841,1],[7,4.101125057331956e-7,-1.7315393563421821e-7,-1,0,-6.123232939436859e-17,-1,1.7315393563421821e-7,0,-0.9999998807907104,-7.095136923731399e-14,-4.10112534154905e-7,0,0.30072376132011414,-0.0365590825676918,-0.05799099802970886,1],[7,6.672454588851906e-8,-1.1354927664797287e-7,-1,0,-6.123232277692369e-17,-0.9999998807907104,1.1354929085882759e-7,0,-0.9999997615814209,-7.515293048250202e-15,-6.672456009937378e-8,0,0.27552542090415955,-0.036559075117111206,-0.057991113513708115,1],[7,-1,-0.0000013508708889276022,-1.8981353377967025e-7,0,-0.0000013634610240842449,0.9853848218917847,0.17034342885017395,0,-4.307260326186224e-8,0.17034342885017395,-0.9853847622871399,0,-0.060772303491830826,-0.11027345806360245,0.2827780246734619,1],[7,-0.5261169672012329,-0.18935033679008484,0.829064130783081,0,-0.029567478224635124,0.9783803224563599,0.2046894133090973,0,-0.849898099899292,0.08317723870277405,-0.5203410387039185,0,0.21017144620418549,-0.09990416467189789,0.21235202252864838,1],[7,-0.4074161946773529,-0.3829681873321533,0.829064130783081,0,-0.41622960567474365,0.8859205842018127,0.2046893835067749,0,-0.8128744959831238,-0.261687308549881,-0.5203410387039185,0,0.14487573504447937,-0.0460888035595417,0.21235202252864838,1],[7,-0.07390367984771729,0.97801673412323,0.19499097764492035,0,-0.33443453907966614,0.15989801287651062,-0.9287551641464233,0,-0.9395167827606201,-0.13385014235973358,0.3152655363082886,0,0.12330494821071625,0.18547272682189941,0.00679875398054719,1],[7,0.2642679512500763,0.9629802703857422,0.05321117118000984,0,-0.431244820356369,0.16733494400978088,-0.886581540107727,0,-0.8626646399497986,0.21134808659553528,0.4595015048980713,0,0.14597293734550476,0.15039309859275818,-0.038589805364608765,1],[7,0.7041519284248352,-0.39188575744628906,0.5921112298965454,0,-0.6790978312492371,-0.12816625833511353,0.7227721810340881,0,-0.20735542476177216,-0.9110428094863892,-0.3563772737979889,0,0.12881119549274445,0.06614164263010025,0.1418178230524063,1],[7,0.11391736567020416,-0.797764003276825,0.5921110510826111,0,-0.5128654837608337,0.46321621537208557,0.7227723002433777,0,-0.8508771657943726,-0.3860096335411072,-0.3563772141933441,0,0.12163613736629486,-0.05077265202999115,0.14181779325008392,1],[7,0.16324271261692047,0.9459465146064758,0.28024452924728394,0,-0.6197556257247925,0.31933557987213135,-0.7168876528739929,0,-0.7676294445991516,-0.05665642395615578,0.6383848786354065,0,0.10927563160657883,0.18019959330558777,-0.03797556459903717,1],[7,0.17467640340328217,0.9846065640449524,-0.006153381895273924,0,-0.1798357218503952,0.025758588686585426,-0.9833592772483826,0,-0.9680635333061218,0.1728762835264206,0.18156687915325165,0,0.13616324961185455,0.15733155608177185,0.004336280282586813,1],[7,0.7987443804740906,0.5993129014968872,0.05321109667420387,0,-0.2383785992860794,0.3964199125766754,-0.886581540107727,0,-0.5524336695671082,0.6954677104949951,0.4595015347003937,0,0.1832609325647354,0.048251472413539886,-0.03858981281518936,1],[7,0.5716159343719482,0.7711797952651978,0.2802445590496063,0,-0.40964171290397644,0.5641506314277649,-0.7168875932693481,0,-0.7109493017196655,0.29498448967933655,0.6383849382400513,0,0.15690721571445465,0.1226990818977356,-0.03797556459903717,1],[7,0.5716159343719482,0.7711797952651978,-0.2802445590496063,0,-0.40964171290397644,0.5641506314277649,0.7168875932693481,0,-0.7109493017196655,0.29498448967933655,-0.6383849382400513,0,0.12518177926540375,0.1226990818977356,0.03797556459903717,1],[7,0.7987443804740906,0.5993129014968872,-0.05321109667420387,0,-0.2383785992860794,0.3964199125766754,0.886581540107727,0,-0.5524336695671082,0.6954677104949951,-0.4595015347003937,0,0.14925821125507355,0.04825146868824959,0.03858981654047966,1],[7,0.11391736567020416,-0.797764003276825,-0.5921110510826111,0,-0.5128654837608337,0.46321621537208557,-0.7227723002433777,0,-0.8508771657943726,-0.3860096335411072,0.3563772141933441,0,0.09108135104179382,-0.05077265202999115,-0.14181779325008392,1],[7,0.8083654642105103,0.5886486172676086,-0.006153722293674946,0,-0.11177501827478409,0.14321573078632355,-0.9833592772483826,0,-0.5779718160629272,0.7956015467643738,0.18156689405441284,0,0.18569527566432953,0.03970697522163391,0.004336219746619463,1],[7,0.8083654642105103,0.5886486172676086,0.006153722293674946,0,-0.11177501827478409,0.14321573078632355,0.9833592772483826,0,-0.5779718160629272,0.7956015467643738,-0.18156689405441284,0,0.15222272276878357,0.03970697149634361,-0.00433622021228075,1],[7,1.7441364263959258e-7,-1,-3.017484857537056e-7,0,-1.0000001192092896,-1.7441362842873787e-7,-5.269027740701683e-14,0,6.123234924670329e-17,3.0174851417541504e-7,-0.9999998807907104,0,0.1039295420050621,-0.1551344096660614,-0.008092925883829594,1],[7,-0.011671922169625759,-0.9999318718910217,-0.000032253228710033,0,-0.9999319911003113,0.011671921238303185,-1.6351376075363078e-7,0,5.39959842171811e-7,0.0000322491250699386,-0.9999998807907104,0,-0.1803511381149292,-0.1478806883096695,-0.008097844198346138,1],[7,1.537092231274073e-7,0.9999998807907104,-4.318438584505202e-8,0,-6.123232939436859e-17,-4.318437873962466e-8,-1,0,-0.9999998807907104,1.537092231274073e-7,-6.576606477421776e-15,0,0.1001240611076355,0.00042380215018056333,-3.953462890393666e-9,1],[7,1.5337170111706655e-7,0.9999998807907104,-4.318438584505202e-8,0,-6.123232939436859e-17,-4.318437873962466e-8,-1,0,-0.9999998807907104,1.5337170111706655e-7,-6.562030734465424e-15,0,0.053595297038555145,0.00042380738887004554,-1.2690400730264173e-8,1],[7,1.5370923733826203e-7,1,1.1327780669034837e-7,0,-6.123234262925839e-17,1.1327780669034837e-7,-1,0,-1,1.5370923733826203e-7,1.7473078444741642e-14,0,0.13436414301395416,0.00042379344813525677,1.7951207187394402e-9,1],[7,0.000001370906943520822,1,-6.123234262925839e-17,0,-1,0.000001370906943520822,6.123225660247469e-17,0,6.123234262925839e-17,6.123225660247469e-17,1,0,0.044263023883104324,-6.068048463703235e-8,-0.17199380695819855,1],[7,0.0000013065091479802504,-0.0000031888469038676703,1,0,-0.9530225992202759,0.30289915204048157,0.0000022110318695922615,0,-0.30289915204048157,-0.9530225992202759,-0.0000026433028779138112,0,-0.023720186203718185,0.3192451298236847,8.646580340609944e-7,1],[7,0.3942897617816925,0.0015559057937934995,-0.9189849495887756,0,-0.5513039827346802,-0.7996699810028076,-0.23789046704769135,0,-0.7352547645568848,0.6004378199577332,-0.3144439160823822,0,0.1365663707256317,-0.06793215870857239,0.09793071448802948,1],[7,0.13515447080135345,0.3704053461551666,-0.9189848899841309,0,0.5591194033622742,-0.7942252159118652,-0.23789048194885254,0,-0.8179967999458313,-0.4816703498363495,-0.3144439160823822,0,0.07899244874715805,0.017799662426114082,0.09793071448802948,1],[7,1.5893258265009536e-8,0.3497006893157959,-0.936861515045166,0,-6.123234262925839e-17,-0.9368615746498108,-0.3497006595134735,0,-1.0000001192092896,5.557883042683898e-9,-1.4889781851934458e-8,0,0.024112531915307045,0.014791090041399002,0.0972360223531723,1],[7,0.3497006893157959,-6.179530487315787e-8,-0.936861515045166,0,-0.9368615746498108,-3.155988359537787e-9,-0.3497006893157959,0,1.865313592475104e-8,1.0000001192092896,-5.8997290608431285e-8,0,-0.021396087482571602,-0.0006851451471447945,0.0972360149025917,1],[7,0.3497006893157959,-6.179530487315787e-8,0.936861515045166,0,-0.9368615746498108,-3.155988359537787e-9,0.3497006893157959,0,1.865313592475104e-8,1.0000001192092896,5.8997290608431285e-8,0,-0.04796542227268219,-0.0006851451471447945,-0.0972360223531723,1],[7,-0.39428842067718506,-0.001553593436256051,-0.9189854860305786,0,-0.5513051152229309,-0.7996699810028076,0.23788794875144958,0,-0.7352546453475952,0.6004378199577332,0.31444409489631653,0,0.1365664005279541,-0.06793215125799179,-0.09793063253164291,1],[7,0.0000017390628954672138,-1,2.7818035874815905e-8,0,-6.123234262925839e-17,2.7818035874815905e-8,1,0,-1,-0.0000017390630091540515,4.831608068278301e-14,0,0.16935226321220398,-0.0002056609810097143,-0.07936768233776093,1],[7,-0.13515613973140717,-0.3704032897949219,-0.9189854860305786,0,0.5591189861297607,-0.7942261695861816,0.23788802325725555,0,-0.8179967403411865,-0.48167023062705994,0.31444409489631653,0,0.07899244874715805,0.01779969595372677,-0.09793063253164291,1],[7,1.5893258265009536e-8,-0.34969812631607056,-0.9368624687194824,0,-6.123234262925839e-17,-0.9368625283241272,0.34969809651374817,0,-1.0000001192092896,-5.5578421864765915e-9,-1.4889796950967593e-8,0,0.024112535640597343,0.014791123569011688,-0.09723593294620514,1],[7,-0.34969812631607056,6.179519118632015e-8,-0.9368624687194824,0,-0.9368625283241272,-3.1558229363071177e-9,0.34969812631607056,0,1.8653089739473216e-8,1.0000001192092896,5.8997176921593564e-8,0,-0.021396053954958916,-0.0006851451471447945,-0.09723592549562454,1],[7,-0.34969812631607056,6.179519118632015e-8,-0.9368624687194824,0,-0.9368625283241272,-3.1558229363071177e-9,0.34969812631607056,0,1.8653089739473216e-8,1.0000001192092896,5.8997176921593564e-8,0,-0.047965388745069504,-0.0006851451471447945,-0.09723593294620514,1],[7,1.1122044440980972e-7,-1,1.7124118301126146e-7,0,-6.123234262925839e-17,1.7124118301126146e-7,1,0,-1,-1.1122045151523707e-7,1.898428856066288e-14,0,0.13950210809707642,-0.00020589903579093516,-0.07936768978834152,1],[7,3.4555787919998693e-7,-1,1.712411403786973e-7,0,-6.123234262925839e-17,1.712411403786973e-7,1,0,-1,-3.4555790762169636e-7,5.91124913774943e-14,0,0.10149549692869186,-0.0002058779209619388,-0.07936768233776093,1]],8,8,8,8,8,8,8,8,8,8,8,8,8,8,8,8,8,8,8,8,8,8,8,8,8,8,8,8,8,8,8,8,8,8,8,8,8,8,8,8,8,8,8,8,8,8,8,8,8,8,8,8,8,8,8,8,8,8,8,8,8,8,8,8,8,8]]],0,0,[],[],[]],[[[36],[44,"magicianAll",[[-3,[11,"Bone014",-5,[0,"113zWGf+ladJT/F6W9yDCJ",null,null,null,-4,0],[1,-0.25692740082740784,0.18041175603866577,-0.10745181143283844],[3,-0.18886973251692388,-0.4850102140920812,0.3856461106907866,0.7618204471359434],[1,7.786622202024358,-68.63603761450206,50.42521455299775]],[11,"Bone015",-7,[0,"88tej0NiRaIbXpIwrj5KdC",null,null,null,-6,0],[1,-0.1892678439617157,0.3949374854564667,0.06359698623418808],[3,-0.19170935777230247,-0.48390603886464867,0.3900776571649171,0.7595537433740852],[1,7.896475054417198,-68.7802803715946,51.08771814898135]],-8],1,4,4,1],[[79,-2,[4,"95BXM3uBtcup4Rkj3sIavD"],[2,3,4,5,6],7]],[0,"98GsMz47RWV68YjGenrhtk",null,null,null,-1,0]],[14,"Bip001 L Hand",[-9,-10,-11,-12],[0,"f8kpEp6LpRcICDDwnDFVE3",null,null,null,1,0],[1,0.09555128961801529,-9.53674295089968e-9,-3.552713599391162e-17],[3,-0.6381319189239367,-0.2341103860603547,-0.264859468741355,0.6839805867180538],[1,-87.39983433952266,-41.270668750717235,-3.642502666542582]],[14,"Bip001 R Hand",[-13,-14,-15,-16],[0,"60KlU1tNdQG4KwERwmSPZ6",null,null,null,1,0],[1,0.09555128961801529,0,3.552713599391162e-17],[3,0.7514563270608877,-0.14835873379952383,-0.05035214544036335,0.6409116445151505],[1,98.06930363853552,-6.865685838838872,-16.70910769957863]],[40,"Bip001 Pelvis",[-17,-18,-19],[0,"c8mYD10DRfEZ1/jgivph/g",null,null,null,1,0],[3,-0.49999999254917427,-0.49999999254917427,-0.49999930709576956,0.5000007078049009],[1,-89.99991974527727,-89.99991974527727,-0.0000017074910602964197]],[2,"Bip001 Spine",4,[-20,-21,-22],[0,"69vmNOJ5ZWg6C//G9Dx6s3",null,null,null,1,0],[1,0.019594363868236542,0.00220582727342844,0.000003917217327398248],[3,-0.04699047599966791,-0.07083074665762398,0.23975951689505337,0.9671040660402057],[1,-3.6985669129095284,-7.453205739214233,28.060365060763182]],[14,"Bip001 Neck",[-23,-24,-25],[0,"02TrmH/SVafJVMvTc4kcRm",null,null,null,1,0],[1,0.08598842471837997,0.016232796013355255,-0.000002932548568423954],[3,0.04021995194542628,0.016195787328052356,0.14786103560592628,0.988057268627621],[1,4.481118171367312,1.2054350960623987,17.067200800751554]],[20,"Bip001 Head",6,[[[6,"Bip001 HeadNub",-26,[0,"f3divPZ/FdtrzHb3XRZPI5",null,null,null,1,0],[1,0.09029722213745117,1.907348590179936e-8,8.881783998477905e-18]],-27,-28],4,1,1],[0,"e5fFHGvgZemotxWsYnwJGy",null,null,null,1,0],[1,0.04394347965717316,-1.907348590179936e-8,-4.440891999238953e-18],[3,0.023943582484094738,-0.15441255229131517,0.43058189631754373,0.8889222120727421],[1,15.615844177396296,-26.90963527816401,49.29814680870827]],[20,"Bip001",1,[[[11,"Bip001 Footsteps",-29,[0,"d3PKB4j65XR7zZwTCXXzCn",null,null,null,1,0],[1,-0.019594505429267883,2.38418573772492e-9,-0.13110990822315216],[3,0.06603112256349619,0.03364457284093778,0.8885561476203845,0.4527426488606713],[1,179.99999740616806,-171.49999936710412,54.000069337775045]],4],4,1],[0,"a61O6SvJlcpIbtH6Q41JaD",null,null,null,1,0],[1,0.006482601165771484,0.16102661192417145,-0.029671939089894295],[3,0.3668284740663682,0.6520943688666859,0.6045137687388644,-0.27344635326080496],[1,-90.0000030102367,-125.99992729524084,8.499998975325099]],[2,"Bip001 Spine1",5,[6],[0,"a8759GWbRZX5KpQT2khI3C",null,null,null,1,0],[1,0.03922279179096222,-0.00006677627243334427,-0.000018825530787580647],[3,0.144