[1,["90aBtpfGJO8JkIBAwhBJIP@73b7f","90aBtpfGJO8JkIBAwhBJIP@7e4e8","90aBtpfGJO8JkIBAwhBJIP@3efb2","f6SJZOjTJB/JrJeh5xTdF7","90aBtpfGJO8JkIBAwhBJIP@11873","90aBtpfGJO8JkIBAwhBJIP@3fdb2","90aBtpfGJO8JkIBAwhBJIP@438fe","90aBtpfGJO8JkIBAwhBJIP@989ed","90aBtpfGJO8JkIBAwhBJIP@79e35","90aBtpfGJO8JkIBAwhBJIP@cf5ee","90aBtpfGJO8JkIBAwhBJIP@b4251"],["_parent","node","root","data","target","source","asset","mainTexture","_effectAsset","_mesh","_skeleton","_defaultClip"],[["cc.Node",["_name","_objFlags","__editorExtras__","_prefab","_parent","_lpos","_lrot","_euler","_children","_lscale","_components"],0,4,1,5,5,5,2,5,12],["cc.Node",["_name","_prefab","_children","_components","_lrot","_euler","_lpos","_parent"],2,4,12,9,5,5,5,1],["cc.Prefab",["_name"],2],["cc.Node",["_name","_parent","_children","_prefab","_lpos","_lrot","_euler","_lscale"],2,1,9,4,5,5,5,5],["cc.RigidBody",["_group","node","__prefab","_linearFactor","_angularFactor"],2,1,4,5,5],["cc.CompPrefabInfo",["fileId"],2],["cc.BoxCollider",["node","__prefab","_center","_size"],3,1,4,5,5],["4d902Kv5pFIZaYtgqWS/9Ho",["attackRange","fov","node","__prefab"],1,1,4],["cc.PrefabInfo",["fileId","instance","root","asset","targetOverrides","nestedPrefabInstanceRoots"],1,1,1,9,2],["cc.PrefabInfo",["fileId","targetOverrides","nestedPrefabInstanceRoots","root","instance","asset"],0,1,4,6],["cc.PrefabInfo",["fileId","instance","targetOverrides","nestedPrefabInstanceRoots","root","asset"],-1,1,1],["cc.TargetOverrideInfo",["propertyPath","source","target","targetInfo"],2,1,1,4],["cc.TargetInfo",["localID"],2],["cc.PrefabInstance",["fileId","prefabRootNode","mountedComponents","propertyOverrides"],2,1,9,9],["cc.MountedComponentsInfo",["targetInfo","components"],3,4,9],["6a855G0TBNEaKK/at0gCn9O",["node","__prefab"],3,1,4],["CCPropertyOverrideInfo",["value","propertyPath","targetInfo"],1,4],["CCPropertyOverrideInfo",["propertyPath","targetInfo","value"],2,4,8],["9fa1e5awQ9BorjlrEbFG/Mw",["node","__prefab"],3,1,4],["cc.Material",["_name","_states","_defines","_props"],0,12],["cc.Mesh",["_native","_hash","_struct"],1,11],["cc.Skeleton",["_name","_hash","_joints","_bindposes"],0,12],["cc.SkeletalAnimation",["node","__prefab","_clips","_defaultClip"],3,1,4,3,6],["cc.SkinnedMeshRenderer",["node","__prefab","_materials","bakeSettings","_skinningRoot","_mesh","_skeleton"],3,1,4,3,4,1,6,6],["cc.ModelBakeSettings",[],3]],[[10,0,1,2,3,4,5,5],[0,0,4,8,3,5,6,7,2],[3,0,1,2,3,4,5,6,2],[0,0,4,3,5,9,2],[0,0,4,3,5,6,7,2],[12,0,2],[0,0,4,8,3,5,6,9,7,2],[5,0,2],[0,0,4,3,5,2],[17,0,1,2,2],[3,0,1,2,3,4,5,7,6,2],[16,0,1,2,3],[2,0,2],[2,1],[0,0,8,10,3,2],[0,1,2,4,3,3],[0,0,4,3,5,6,9,7,2],[1,0,2,3,1,2],[1,0,2,1,6,4,5,2],[1,0,7,3,1,4,5,2],[4,0,1,2,3,4,2],[6,0,1,2,3,1],[7,0,1,2,3,3],[8,0,1,2,3,4,5,3],[9,0,1,2,3,4,5,4],[11,0,1,2,3,2],[13,0,1,2,3,2],[14,0,1,1],[15,0,1,1],[18,0,1,1],[19,0,1,2,3,4],[20,0,1,2,3],[21,0,1,2,3,4],[22,0,1,2,3,1],[23,0,1,2,3,4,5,6,1],[24,1]],[[[[12,"Aula"],[14,"Aula",[-9],[[[20,4,-5,[7,"33T4SbQJVO9INNeSRZ9Yam"],[1,1,0,1],[1,0,1,0]],[21,-6,[7,"dbTMK/Z4VARJTEdoevUUdK"],[1,-0.3,3.1,0],[1,11.476,6.2,12.117]],-7,[22,10,25,-8,[7,"6aawbLM4pEqqFP1K1+DdwZ"]]],4,4,1,4],[23,"e2t7hKal5E/7FK2RawzcVr",null,-4,0,[[25,["skeletalAnimation"],-3,-2,[5,["44l0IwuQhYKq9jk0oCwVFF"]]]],[-1]]],[15,0,{},1,[24,"88P3kFrU1XG44SL7XgyaWU",null,null,-11,[26,"5aw+Vuo9VG/azuaWCqUHRn",1,[[27,[5,["88P3kFrU1XG44SL7XgyaWU"]],[[28,-10,[7,"0bxLa3glpG97zkRd3HYTqk"]]]]],[[11,"aulaAll",["_name"],[5,["88P3kFrU1XG44SL7XgyaWU"]]],[9,["_lpos"],[5,["88P3kFrU1XG44SL7XgyaWU"]],[1,0,0,0]],[9,["_lrot"],[5,["88P3kFrU1XG44SL7XgyaWU"]],[3,0,1,0,6.123233995736766e-17]],[9,["_euler"],[5,["88P3kFrU1XG44SL7XgyaWU"]],[1,0,180,0]],[9,["_lscale"],[5,["88P3kFrU1XG44SL7XgyaWU"]],[1,15,15,15]],[11,true,["playOnLoad"],[5,["44l0IwuQhYKq9jk0oCwVFF"]]]]],0]],[29,1,[7,"15A76v8lxO2YIf2SOjaDzK"]]],0,[0,-1,2,0,4,2,0,5,3,0,2,1,0,1,1,0,1,1,0,-3,3,0,1,1,0,-1,2,0,1,2,0,2,2,0,3,1,11],[0],[6],[1]],[[[30,"Material #0",[{"rasterizerState":{},"blendState":{"targets":[{}]},"depthStencilState":{}}],[{"USE_ALBEDO_MAP":true,"DCC_APP_NAME":1}],[[[{"albedoScale":1,"specularFactor":0,"shininessExponent":2,"emissiveScale":0},"mainColor",8,[4,4291480266],"specularColor",8,[4,4294177779],"emissive",8,[4,4278190080],"mainTexture",6,0]],11]]],0,0,[0,0],[7,8],[2,3]],[[[31,".bin",2025016534,[{"primitives":[{"primitiveMode":7,"jointMapIndex":0,"vertexBundelIndices":[0],"indexView":{"offset":47232,"length":6120,"count":3060,"stride":2}}],"vertexBundles":[{"view":{"offset":0,"length":47232,"count":656,"stride":72},"attributes":[{"name":"a_position","format":32,"isNormalized":false},{"name":"a_normal","format":32,"isNormalized":false},{"name":"a_texCoord","format":21,"isNormalized":false},{"name":"a_tangent","format":44,"isNormalized":false},{"name":"a_joints","format":42,"isNormalized":false},{"name":"a_weights","format":44,"isNormalized":false}]}],"jointMaps":[[0,1,2,3,5,6,7,8,10,11,12,13,14,15,16,17,18,20,21,22,25,26,28,29,31,33,34,35,37]]},"minPosition",8,[1,-0.3345934748649597,-0.30447471141815186,-0.0019874381832778454],"maxPosition",8,[1,0.3345934748649597,0.21970535814762115,0.396932452917099]]],-1],0,0,[],[],[]],[[[32,"Skin-0",889803337,["Bone009","Bone019","Bone009/Bone010","Bone009/Bone010/Bone011","Bone009/Bone010/Bone011/Bone012","Bone005","Bone022","Bone005/Bone006","Bone005/Bone006/Bone007","Bone005/Bone006/Bone007/Bone008","Bone001(mirrored)","Bone001","Bone001/Bone002","Bone001(mirrored)/Bone002(mirrored)","Bone001(mirrored)/Bone002(mirrored)/Bone003(mirrored)","Bone001/Bone002/Bone003","Bone009(mirrored)","Bone009(mirrored)/Bone010(mirrored)","Bone009(mirrored)/Bone010(mirrored)/Bone011(mirrored)","Bone009(mirrored)/Bone010(mirrored)/Bone011(mirrored)/Bone012(mirrored)","Bone005(mirrored)","Bone005(mirrored)/Bone006(mirrored)","Bone005(mirrored)/Bone006(mirrored)/Bone007(mirrored)","Bone005(mirrored)/Bone006(mirrored)/Bone007(mirrored)/Bone008(mirrored)","Bone022/Bone023","Bone019/Bone020/Bone017","Bone019/Bone020","Bone019/Bone020/Bone021","Bone013","Bone013/Bone014","Bone019/Bone020/Bone017/Bone018","Bone013/Bone014/Bone015","Bone013/Bone014/Bone015/Bone016","Bone019/Bone020/Bone017(mirrored)","Bone013(mirrored)","Bone013(mirrored)/Bone014(mirrored)","Bone019/Bone020/Bone017(mirrored)/Bone018(mirrored)","Bone013(mirrored)/Bone014(mirrored)/Bone015(mirrored)"],[[[7,0.6678332686424255,0.05748078599572182,0.7420873045921326,0,-0.09397833049297333,0.9955472350120544,0.007461683824658394,0,-0.7383530735969543,-0.07472344487905502,0.6702610850334167,0,0.07773341983556747,0.12969724833965302,-0.15443770587444305,1],[7,6.856326990600792e-7,5.232852799963439e-7,-1,0,-0.9905603528022766,-0.13708455860614777,-7.508936050726334e-7,0,-0.1370847523212433,0.9905589818954468,4.2435576119714824e-7,0,0.04035155475139618,-0.24468249082565308,-0.00020843649690505117,1],[7,0.6319385766983032,0.21964511275291443,-0.7432422041893005,0,-0.13138370215892792,0.9754816889762878,0.17656777799129486,0,0.763800859451294,-0.013930103741586208,0.645301103591919,0,-0.16858024895191193,0.10165607184171677,0.04759807884693146,1],[7,0.38810914754867554,0.1242547556757927,0.9131985902786255,0,-0.035437531769275665,0.9921501278877258,-0.1199360191822052,0,-0.9209305644035339,0.014186794869601727,0.3894658088684082,0,0.0917743593454361,0.11705546826124191,-0.2639824450016022,1],[7,0.3005332350730896,0.11767710000276566,0.946483850479126,0,-0.024688174948096275,0.9929879307746887,-0.11561953276395798,0,-0.9534505605697632,0.011380581185221672,0.301331102848053,0,-0.08634862303733826,0.11895297467708588,-0.27244818210601807,1],[7,0.6018823981285095,-0.006039963103830814,0.7985617518424988,0,-0.015212194994091988,0.9997043013572693,0.019026853144168854,0,-0.7984395623207092,-0.023599836975336075,0.6016119718551636,0,0.06986189633607864,0.019693244248628616,-0.19170153141021729,1],[7,-5.580875495070359e-7,0.0000018401555053060292,-1,0,0.9972681403160095,-0.073879174888134,-6.925112074895878e-7,0,-0.07387927919626236,-0.9972667694091797,-0.0000017938966720976168,0,0.01190419215708971,0.24770154058933258,-0.00020788695837836713,1],[7,0.6667484641075134,0.01622418500483036,-0.7451058030128479,0,0.020059332251548767,0.9990110397338867,0.03970257565379143,0,0.745012640953064,-0.041418012231588364,0.6657628417015076,0,-0.18797102570533752,0.018316645175218582,0.03832874819636345,1],[7,0.45672407746315,0.01774066500365734,0.8894317746162415,0,0.0001466198154957965,0.9998008012771606,-0.02001735381782055,0,-0.8896079063415527,0.009272826835513115,0.4566303789615631,0,0.07463949173688889,0.007679780479520559,-0.29953357577323914,1],[7,0.3974045515060425,0.017314044758677483,0.9174803495407104,0,0.0028042318299412727,0.9997954368591309,-0.020082056522369385,0,-0.9176387786865234,0.010553540661931038,0.39727455377578735,0,-0.1046442911028862,0.007784456945955753,-0.30706295371055603,1],[7,-0.7991764545440674,-0.2337770015001297,-0.5537735223770142,0,0.19337332248687744,-0.9722886681556702,0.1313876211643219,0,-0.569142758846283,-0.002083132043480873,0.8222360014915466,0,-0.01850634440779686,0.0637567937374115,-0.20400257408618927,1],[7,0.8028742671012878,-0.23566338419914246,0.5475906133651733,0,0.1901976764202118,0.9718048572540283,0.13936235010623932,0,-0.5649933218955994,-0.0077399881556630135,0.8250589370727539,0,-0.01469660084694624,-0.0632999911904335,-0.20135782659053802,1],[7,0.4318898320198059,-0.24136999249458313,-0.8690290451049805,0,0.09826134145259857,0.9703832864761353,-0.2206863909959793,0,0.8965572714805603,0.009920262731611729,0.4428158104419708,0,-0.18608485162258148,-0.06425030529499054,0.1162855252623558,1],[7,-0.4356476366519928,-0.2447679489850998,0.8661984801292419,0,0.0945066511631012,-0.9694373607635498,-0.22640912234783173,0,0.8951418995857239,-0.016773095354437828,0.4454651474952698,0,-0.18826548755168915,0.06326894462108612,0.1210186779499054,1],[7,-0.6113293170928955,-0.11830878257751465,-0.7824826836585999,0,0.10469217598438263,-0.9921630620956421,0.06821867823600769,0,-0.7844202518463135,-0.04021579399704933,0.6189240217208862,0,0.020150331780314445,0.09839344769716263,-0.3088424801826477,1],[7,0.6165280938148499,-0.13611412048339844,0.775477409362793,0,0.0858021229505539,0.9906930923461914,0.10567367076873779,0,-0.7826430797576904,0.0013868228998035192,0.6224684119224548,0,0.02478896826505661,-0.08711756765842438,-0.30820232629776,1],[7,-0.6602568626403809,0.04383152350783348,-0.7497594952583313,0,-0.09076079726219177,-0.9956366419792175,0.021720586344599724,0,-0.7455357313156128,0.08239003270864487,0.6613532304763794,0,0.07599376887083054,-0.1315196454524994,-0.15590432286262512,1],[7,-0.6386211514472961,0.20371882617473602,0.7420655488967896,0,-0.12106797844171524,-0.9789116382598877,0.16454842686653137,0,0.7599373459815979,0.015243759378790855,0.649817168712616,0,-0.1702755093574524,-0.10280721634626389,0.04954502731561661,1],[7,-0.39380547404289246,0.12680821120738983,-0.9104046821594238,0,-0.06004398316144943,-0.9918727278709412,-0.11218274384737015,0,-0.9172306060791016,0.01048615574836731,0.39821857213974,0,0.08323796838521957,-0.1189073920249939,-0.26856163144111633,1],[7,-0.3064643144607544,0.12025011330842972,-0.9442561268806458,0,-0.04991315305233002,-0.9926544427871704,-0.11021380871534348,0,-0.9505724906921387,0.013354211114346981,0.3102150857448578,0,-0.09441808611154556,-0.12083792686462402,-0.2777957022190094,1],[7,-0.5941613912582397,-0.03807639330625534,-0.803443968296051,0,-0.014379724860191345,-0.9982174634933472,0.057940952479839325,0,-0.8042172193527222,0.045979633927345276,0.5925540924072266,0,0.06832969933748245,-0.027289584279060364,-0.19469723105430603,1],[7,-0.6688427925109863,0.017254892736673355,0.7432036399841309,0,0.029562829062342644,-0.9983232617378235,0.049782902002334595,0,0.7428156733512878,0.05526817962527275,0.6672108769416809,0,-0.1910429745912552,-0.019573921337723732,0.0421413891017437,1],[7,-0.45554599165916443,0.017740938812494278,-0.8900352120399475,0,-0.0325714573264122,-0.9994650483131409,-0.003251117654144764,0,-0.8896158337593079,0.027508748695254326,0.4558797776699066,0,0.0714457631111145,-0.013853125274181366,-0.30380409955978394,1],[7,-0.39618903398513794,0.017316142097115517,-0.9180057644844055,0,-0.03094399906694889,-0.9995068907737732,-0.005498761311173439,0,-0.917647123336792,0.026228245347738266,0.39652928709983826,0,-0.1075424775481224,-0.013961142860352993,-0.3115346431732178,1],[7,-5.580875495070359e-7,0.0000018401555053060292,-1,0,0.9972681403160095,-0.073879174888134,-6.925112074895878e-7,0,-0.07387927919626236,-0.9972667694091797,-0.0000017938966720976168,0,-0.19788001477718353,0.24770154058933258,-0.00020786866662092507,1],[7,0.847265899181366,0.13557259738445282,0.513576090335846,0,-0.17977458238601685,0.9830090403556824,0.03708880394697189,0,-0.49982163310050964,-0.12375213205814362,0.8572416305541992,0,0.030307145789265633,0.24564813077449799,-0.17118509113788605,1],[7,5.926968924541143e-7,6.042498057468038e-7,-1,0,-0.9556881785392761,-0.29438304901123047,-7.443136382789817e-7,0,-0.2943834066390991,0.9556870460510254,4.029943738714792e-7,0,-0.06610848009586334,-0.2586562931537628,-0.0002084133302560076,1],[7,5.926968924541143e-7,6.042498057468038e-7,-1,0,-0.9556881785392761,-0.29438304901123047,-7.443136382789817e-7,0,-0.2943834066390991,0.9556870460510254,4.029943738714792e-7,0,-0.17523859441280365,-0.25865623354911804,-0.00020841331570409238,1],[7,0.4282491207122803,0.5780025124549866,0.6946329474449158,0,-0.3154825270175934,0.8159521222114563,-0.4844513237476349,0,-0.8468019366264343,-0.011678725481033325,0.5317794680595398,0,0.061136532574892044,0.14701363444328308,-0.19406187534332275,1],[7,0.6142376661300659,0.6096184253692627,-0.5010761022567749,0,-0.4766734838485718,0.7926774621009827,0.38005954027175903,0,0.6288818717002869,0.005402823444455862,0.7774816751480103,0,-0.19833476841449738,0.1386529505252838,0.026757419109344482,1],[7,0.7158524394035339,0.2659609913825989,0.6456158757209778,0,-0.3322452902793884,0.9429800510406494,-0.02006923407316208,0,-0.6141403913497925,-0.20013640820980072,0.7633981108665466,0,-0.03259386494755745,0.23877564072608948,-0.1794104129076004,1],[7,0.2721422612667084,0.6393069624900818,0.7191834449768066,0,-0.24237915873527527,0.7688379883766174,-0.5917268991470337,0,-0.9312309622764587,-0.013281195424497128,0.3641872704029083,0,0.05648667737841606,0.13241390883922577,-0.2835199236869812,1],[7,0.2087784856557846,0.4937581419944763,0.844164252281189,0,-0.3566950261592865,0.8421710729598999,-0.4043728709220886,0,-0.9105935096740723,-0.2166852355003357,0.35194751620292664,0,-0.1350008249282837,0.17630426585674286,-0.24663329124450684,1],[7,-0.8473482131958008,0.14917176961898804,-0.509655237197876,0,-0.17939886450767517,-0.983722984790802,0.010340219363570213,0,-0.4998165965080261,0.10019346326589584,0.8603163957595825,0,0.025549739599227905,-0.24003635346889496,-0.18071775138378143,1],[7,-0.43287310004234314,0.5949457287788391,-0.6772447228431702,0,-0.321669340133667,-0.8037662506103516,-0.500489354133606,0,-0.8421092629432678,0.0012004813179373741,0.539304256439209,0,0.056614749133586884,-0.13920028507709503,-0.20182083547115326,1],[7,-0.6042899489402771,0.6130583882331848,0.508913516998291,0,-0.47073617577552795,-0.7900354862213135,0.3927491307258606,0,0.6428377628326416,-0.0022296630777418613,0.765998125076294,0,-0.201999232172966,-0.13486596941947937,0.03404537960886955,1],[7,-0.7145147919654846,0.279407262802124,-0.6414043307304382,0,-0.32741180062294006,-0.9437436461448669,-0.04637880623340607,0,-0.6182793378829956,0.17686530947685242,0.7657992243766785,0,-0.034730684012174606,-0.23249097168445587,-0.18945688009262085,1],[7,-0.2745409309864044,0.6430392861366272,-0.7149322628974915,0,-0.2501162588596344,-0.7656648755073547,-0.5926212668418884,0,-0.9284754991531372,0.016117429360747337,0.3710409104824066,0,0.05383894219994545,-0.12828388810157776,-0.2885499894618988,1]],8,8,8,8,8,8,8,8,8,8,8,8,8,8,8,8,8,8,8,8,8,8,8,8,8,8,8,8,8,8,8,8,8,8,8,8,8,8]]],0,0,[],[],[]],[[[13],[17,"aulaAll",[[-3,-4,-5,-6,-7,-8,-9,-10,-11,-12,-13,[16,"Dummy003",-15,[0,"82qmMgPulY8p5tFm14ITu2",null,null,null,-14,0],[1,-0.0020000000949949026,0.19499999284744263,-0.06499999761581421],[3,-0.00760905118988363,-0.01235571969835109,-0.02088165470371136,0.9996766452346282],[1,1,1,0.9999989867210388],[1,-0.9020332632934256,-1.435000583744692,-2.382000370530425]],-16],1,1,1,1,1,1,1,1,1,1,1,4,1],[[33,-2,[7,"44l0IwuQhYKq9jk0oCwVFF"],[3,4,5,6,7],8]],[0,"88P3kFrU1XG44SL7XgyaWU",null,null,null,-1,0]],[10,"Dummy002",1,[[3,"IK Chain002",-17,[0,"cb3MsA2J9Xi69lxws8+/KE",null,null,null,1,0],[1,0.1171952560544014,0.034201961010694504,-0.06607044488191605],[1,0.3428950011730194,0.3114379942417145,4.751811981201172]],[3,"IK Chain003",-18,[0,"0c7b7AUaRYgq4w7rP52+UR",null,null,null,1,0],[1,0.06644771248102188,0.1251896768808365,-0.05192851647734642],[1,0.3428950011730194,0.3114379942417145,4.751811981201172]],[3,"IK Chain004",-19,[0,"41qR4IT3ZZepJLWtTRgoM8",null,null,null,1,0],[1,0.0467158779501915,-0.09170768409967422,-0.013638320378959179],[1,0.3428950011730194,0.3114379942417145,4.751811981201172]],[3,"IK Chain005",-20,[0,"6aOvX0zQdXCq1xzLyNK5zv",null,null,null,1,0],[1,-0.050118979066610336,-0.10621602088212967,0.009388507343828678],[1,0.3428950011730194,0.3114379942417145,4.751811981201172]],[3,"IK Chain006",-21,[0,"f7KOSAS3xUY6aPuTyOQ6pd",null,null,null,1,0],[1,-0.11086013168096542,-0.04274109750986099,-0.04402647539973259],[1,0.3428950011730194,0.3114379942417145,4.751811981201172]],[3,"IK Chain007",-22,[0,"da8rexzi5fm6xSQOBbWzkL",null,null,null,1,0],[1,-0.1364719420671463,0.032458607107400894,-0.06575873494148254],[1,0.3428950011730194,0.3114379942417145,4.751811981201172]],[3,"IK Chain008",-23,[0,"65b0yo1WRboZ6JQ5cUPfoj",null,null,null,1,0],[1,-0.09058526158332825,0.09389552474021912,-0.0470181480050087],[1,0.3428950011730194,0.3114379942417145,4.751811981201172]],[3,"IK Chain001",-24,[0,"6af7R+AsxWuoV/o8SQw255",null,null,null,1,0],[1,0.07841599732637405,-0.017606422305107117,-0.051086846739053726],[1,0.3428950011730194,0.3114379942417145,4.751811981201172]]],[0,"c1jTx7oVVZFqjDukkbqf5f",null,null,null,1,0],[1,0.0016047426033765078,0.0020999545231461525,0.05827154591679573],[3,-0.7071067811865476,0,0,0.7071067811865476],[1,2.916343927383423,3.210906982421875,0.21044600009918213],[1,-90.00000000000003,0,0]],[18,"Bone020",[[[8,"Bone021",-25,[0,"1bvU3mZTxWd6Eu8Kb7fAi7",null,null,null,1,0],[1,0.1091301217675209,-5.7220457705398076e-8,0]],-26,-27],4,1,1],[0,"97GgU4Pl9foIzsQGxN8v4B",null,null,null,1,0],[1,0.1471407115459442,-3.552713599391162e-17,-1.9967556497135774e-8],[3,-0.06906312850821054,0.18595506645947135,-0.06309440866055588,0.978095135012176],[1,-6.482358852386992,21.04263783259759,-8.575350138474288]],[6,"Bone001",1,[-28],[0,"887Gv4Tl9ffKYFUpAs69x9",null,null,null,1,0],[1,0.11183694005012512,0.21863962709903717,-0.03228909894824028],[3,-0.5867917527765376,0.6119335879467253,0.1394659874464774,0.5116267791678474],[1,1,0.9999989867210388,1],[1,-70.54095649805699,74.96369245469236,-35.13087865555493]],[1,"Bone002",4,[-29],[0,"06qHmS1ilcvazpUENy6elU",null,null,null,1,0],[1,0.07320186495780945,8.881783998477905e-18,3.814697180359872e-8],[3,-0.06399947224023901,0.0014651603582756514,0.000011740335717379184,0.9979488567658464],[1,-7.3388091421633685,0.16763697566150432,-0.009402608171987143]],[2,"Bone003",5,[[8,"Bone004",-30,[0,"11kYFy5h5S6Z61WWe73PXS",null,null,null,1,0],[1,0.21264180541038513,1.4305114426349519e-8,-1.907348590179936e-8]]],[0,"b0hOF2aaFQrJWKDcYiuoMb",null,null,null,1,0],[1,0.10639213770627975,1.776356799695581e-17,0.000002670288040462765],[3,0.11588268309699622,-0.0010235263324134562,-0.00005759415743406832,0.9932623786467507],[1,13.309065607768266,-0.11573252234313756,-0.020146925384054992]],[6,"Bone005",1,[-31],[0,"27jg7trnRae4EBZNkSqrQB",null,null,null,1,0],[1,0.11198561638593674,0.21665611863136292,0.07133922725915909],[3,-0.4986645478139564,0.5523627884348723,-0.2964965044886044,0.5985973951931247],[1,1,0.9999989867210388,1],[1,-39.50203167726302,59.660071202164595,-64.93821793828221]],[1,"Bone006",7,[-32],[0,"9c1gMhXiZfQ7AJcVIk5Qc6",null,null,null,1,0],[1,0.07050450146198273,4.76837147544984e-9,-1.907348590179936e-8],[3,0.003938233868016834,-0.5670774467450979,0.009479048475346096,0.8236005144164635],[1,0.987761886725246,-69.10301764064397,0.6387082583294068]],[2,"Bone007",8,[[4,"Bone008",-33,[0,"deVr9njVdfL6Si7GR9V5I4",null,null,null,1,0],[1,0.19921614229679108,-1.907348590179936e-8,-3.814697180359872e-8],[3,0.00008066418595435956,0.03282449855887663,0.0006701134443152921,0.9994609030550516],[1,0.0067178860870190935,3.7620825857901212,0.07705138174510158]]],[0,"2c40p4PaZT+KUseesZnh8K",null,null,null,1,0],[1,0.11788144707679749,1.4305114426349519e-8,-1.907348590179936e-8],[3,-0.021070141569633306,0.4277637944473485,-0.022714281696561173,0.903359422766626],[1,-1.0696435740718488,50.64588699887021,-3.3861120607615702]],[6,"Bone001(mirrored)",1,[-34],[0,"226+fpDqJT6b7vLBTxdZoI",null,null,null,1,0],[1,-0.10743128508329391,0.20167529582977295,-0.03809034079313278],[3,-0.5788202185018179,0.747017668596206,0.32065888681178034,-0.06410644091841917],[1,1,0.9999989867210388,1],[1,-72.93390546533689,139.43212363363887,-64.94348137980855]],[1,"Bone002(mirrored)",10,[-35],[0,"64FjI/iCdWDapzQAggh9J/",null,null,null,1,0],[1,0.07320187240839005,9.53674295089968e-9,1.907348590179936e-8],[3,0.002411918006052421,-0.6548816534280452,-0.0024236920188220584,0.7557237116644414],[1,0.026988338224709443,-81.82184223276677,-0.390893447569009]],[2,"Bone003(mirrored)",11,[[8,"Bone004(mirrored)",-36,[0,"06h6Hza1VcrJ2SG9el0WjJ",null,null,null,1,0],[1,0.21264179050922394,-4.7683716530855236e-8,0]]],[0,"595peyJxdSN6ItUNlfyo5J",null,null,null,1,0],[1,0.10639214515686035,2.8610228852699038e-8,0.000002689361508600996],[3,-0.058771636506028645,0.5733549015318444,0.010687043921085602,0.8171265744816044],[1,-6.225276060847511,69.95687411666431,-2.861892339045414]],[6,"Bone005(mirrored)",1,[-37],[0,"7bl6tPV4Vc3KoArLWDA3np",null,null,null,1,0],[1,-0.11602193117141724,0.21516090631484985,0.0690053254365921],[3,-0.4224452970557271,0.6229625341541175,0.6164427396928688,-0.23120553781371395],[1,1,0.9999989867210388,1],[1,-101.53905804177037,156.533310710993,-54.231484535628056]],[1,"Bone006(mirrored)",13,[-38],[0,"7al9A8mopdbo3fae8tFPrF",null,null,null,1,0],[1,0.07050450146198273,8.881783998477905e-18,-3.814697180359872e-8],[3,0.06102647538014629,-0.29700859921956474,-0.027220779609064584,0.9525338264071167],[1,5.766853803157831,-34.38113155174739,-5.0547826883475775]],[2,"Bone007(mirrored)",14,[[4,"Bone008(mirrored)",-39,[0,"18LH/VuuBUT4gslssrvaDT",null,null,null,1,0],[1,0.1992160826921463,9.53674295089968e-9,-9.536743306171047e-8],[3,-0.00008079531276327055,0.03282468461913926,-0.0006702597160003206,0.9994608968357314],[1,-0.006732339491900248,3.762103907903029,-0.07706862869175671]]],[0,"0dSqibViFc/LlvrXUFL11i",null,null,null,1,0],[1,0.11788146197795868,9.53674295089968e-9,-1.907348590179936e-8],[3,0.023542405614659014,0.18465807702321413,0.0031592486790197063,0.9825157346708233],[1,2.584905822810483,21.26920777822925,0.8538884812415071]],[6,"Bone013(mirrored)",1,[-40],[0,"120/vjViRQlLwA4gymY7g/",null,null,null,1,0],[1,-0.030119292438030243,0.18302591145038605,0.2472231239080429],[3,0.11623094147925647,-0.3847969444941826,-0.6588166905107421,0.6359105660824166],[1,0.9999989867210388,1,1],[1,-73.71976396689202,-116.03020932018877,-68.02506005569438]],[1,"Bone014(mirrored)",16,[-41],[0,"80us3a3q5ePb7HFF0ed0r4",null,null,null,1,0],[1,0.06318952888250351,4.7683716530855236e-8,3.814697180359872e-8],[3,0.007089983657641599,-0.6747419224517597,-0.0029491651743930505,0.738013802474325],[1,0.3716109597121277,-84.86872654010165,-0.7976327252288924]],[2,"Bone015(mirrored)",17,[[4,"Bone016(mirrored)",-42,[0,"05pjkxd4Bf35w1bsiyHyWa",null,null,null,1,0],[1,0.16702786087989807,-9.53674295089968e-9,3.814697180359872e-8],[3,0.11252694116304932,-0.007461773420203621,0.06573886590441952,0.9914435994848693],[1,13.060978303667268,-1.7098848265959727,7.392943059998608]]],[0,"29bHwCPRVZm5IlbN+zYqt0",null,null,null,1,0],[1,0.08656366169452667,5.7220457705398076e-8,-1.4305114426349519e-8],[3,-0.01795195252259534,0.6149775464332291,-0.001576131229843697,0.7883386712536296],[1,-1.5112840971069676,75.896527052464,-1.407620774063412]],[1,"Bone013",1,[-43],[0,"d6JyaajpVT15kk4mOkUwZT",null,null,null,1,0],[1,0.02288183942437172,0.18337345123291016,0.24776561558246613],[3,-0.42354480378037257,0.19383955434746034,-0.5887502563359082,0.6606127171236003],[1,-98.92460474999702,-46.33118636860482,-70.40236272481702]],[1,"Bone014",19,[-44],[0,"eelZ58G9RfoaWz+InGgamO",null,null,null,1,0],[1,0.06318949162960052,-3.814697180359872e-8,5.7220457705398076e-8],[3,0.006802005408862365,-0.7257900431389464,-0.00657726608974964,0.6878512088915516],[1,-0.010882026773924828,-93.07473511600858,-1.0842163889137981]],[2,"Bone015",20,[[4,"Bone016",-45,[0,"ad2cQkHe5RwICdeuiFUQUY",null,null,null,1,0],[1,0.16702786087989807,3.814697180359872e-8,-3.814697180359872e-8],[3,-0.1125264064380632,-0.007461330661779562,-0.06573879549949121,0.9914436681754376],[1,-13.06091277889598,-1.7098291546074151,-7.39294173405289]]],[0,"cb9p6CJRBaCKoUJNZJ+JeW",null,null,null,1,0],[1,0.08656368404626846,-9.536743306171047e-8,-9.53674295089968e-9],[3,0.004451505387842996,0.7282741688220228,-0.009503299399611977,0.685205521305028],[1,1.1427159473740667,93.49425508865693,-0.3746937875223679]],[6,"Bone009(mirrored)",1,[-46],[0,"fcuSEN3jha/JWQLRtu8jOi",null,null,null,1,0],[1,-0.06110833212733269,0.20403364300727844,0.17463518679141998],[3,-0.380574339890395,0.6071578769373955,0.5641004358706632,-0.4102598963344975],[1,1,0.9999989867210388,1],[1,-78.78435764494026,-169.56530010578692,-67.66729783614838]],[1,"Bone010(mirrored)",22,[-47],[0,"f8q6Za7/hdN7ovzbeyy5t6",null,null,null,1,0],[1,0.09634561836719513,1.335144048653092e-7,-3.814697180359872e-8],[3,0.006237006398717823,-0.7048341765404939,0.0004854917152549738,0.7093445197007311],[1,0.5462128310472174,-89.63231290065158,-0.4642927653820252]],[2,"Bone011(mirrored)",23,[[4,"Bone012(mirrored)",-48,[0,"baDvkksdNWdLeK8c/zSVwF",null,null,null,1,0],[1,0.20333240926265717,5.7220457705398076e-8,1.907348590179936e-8],[3,0.0035960156477479826,0.04701762153045713,0.00016961109504897256,0.9988875728374821],[1,0.4107044148968311,5.3897055635189215,0.038789075846114546]]],[0,"41PibOTsFZf41sBh0SGdOX",null,null,null,1,0],[1,0.11286547034978867,-7.629394360719743e-8,4.7683716530855236e-8],[3,0.029312656457495794,0.6124045099273239,-0.008807561139498434,0.7899518411009959],[1,3.2740902886534644,75.53274365195729,1.2598814640180873]],[1,"Bone009",1,[-49],[0,"a9zn/+36hWzZRRyNUVJtPs",null,null,null,1,0],[1,0.05507206916809082,0.20479561388492584,0.17582443356513977],[3,-0.5752435300333811,0.44241273201340486,-0.27658137552924517,0.6299750776161867],[1,-68.90429848711945,27.704628588752993,-59.033564703574115]],[1,"Bone010",25,[-50],[0,"10wC1NjvRYu76ZvlfyVyxO",null,null,null,1,0],[1,0.09634559601545334,-1.4305115314527939e-7,-2.8610228852699038e-8],[3,0.02745082163103023,-0.7456110535857836,-0.07960858003826068,0.6610393960625728],[1,-4.779250785212858,-97.23268772310053,-8.405853079362807]],[2,"Bone011",26,[[4,"Bone012",-51,[0,"c2E4/h5/ZVE4Y9Uhzjxfx2",null,null,null,1,0],[1,0.20333240926265717,-1.907348590179936e-8,-7.629394360719743e-8],[3,-0.003595992372362936,0.04701757692737391,-0.0001699069358407721,0.9988875749704617],[1,-0.4107001585642393,5.389700327098115,-0.038822795257444864]]],[0,"2dNUwXjN1YirqO+f0k9Ei+",null,null,null,1,0],[1,0.11286550760269165,0,2.8610228852699038e-8],[3,0.004552382532923628,0.8349017542633979,0.045413878042140164,0.5485033420338918],[1,-4.0688601028876885,113.50973563557382,3.2917865362646883]],[6,"Bone019",1,[3],[0,"37pO//xtxYHaUzL50eccKA",null,null,null,1,0],[1,-0.00039495155215263367,0.24752964079380035,-0.006727490574121475],[3,0.0485820207709044,-0.7054325287565747,-0.04857994578422422,0.7054393832906708],[1,0.9999989867210388,1,1],[1,0.00020785696338173186,-89.99942895770135,-7.87909216422949]],[2,"Bone017",3,[[4,"Bone018",-52,[0,"8dPcpqCRZZfLLbOoe5ed/k",null,null,null,1,0],[1,0.055144935846328735,1.907348590179936e-8,5.329070399086743e-17],[3,0.0067133934728506196,0.08562677178728961,-0.07787435342756534,0.9932565486215555],[1,1.5467502844113477,9.973824459530915,-8.83263708382263]]],[0,"805ZlwV6dRM4lbUZC3Z4vh",null,null,null,1,0],[1,0.09678231179714203,-0.007269840221852064,-0.029143501073122025],[3,0.7570922274502586,-0.4269212725867755,-0.38174756856060227,-0.3143539089074005],[1,-118.63340082874933,67.88208275955955,-23.98076145975589]],[2,"Bone017(mirrored)",3,[[4,"Bone018(mirrored)",-53,[0,"449diMvpRRGK/NIYepus/i",null,null,null,1,0],[1,0.05514495074748993,0,-1.907348590179936e-8],[3,-0.006713473825919216,0.08562726683321858,0.07787483327287155,0.9932564677798901],[1,-1.5467689430355769,9.97388411541017,8.832690441323761]]],[0,"501FkJvSpTqLtJDlTlWhpO",null,null,null,1,0],[1,0.09678231924772263,-0.007269859313964844,0.034439507871866226],[3,-0.31435441761039434,-0.3817478094850893,-0.42692109657528604,0.7570919940014693],[1,-61.36663871372836,-67.8820987178579,-23.980698393294116]],[10,"Bone022",1,[[8,"Bone023",-54,[0,"887Ce2x09V1aJN+XSETgNC",null,null,null,1,0],[1,0.20978422462940216,3.552713599391162e-17,-2.004206223205074e-8]]],[0,"c4d5UA/ulXwr6q86wkYgvI",null,null,null,1,0],[1,-0.00039495155215263367,0.24752964079380035,-0.006727490574121475],[3,-0.7066203451133239,0.026138121614873555,0.7066266632057554,-0.026138961667847193],[1,1,0.9999989867210388,1],[1,179.99995076807596,90.00051047435882,-4.236897283480811]],[19,"aula",1,[[34,-55,[7,"0co8RKDtxQF6xJbBC8F8PF"],[0],[35],1,1,2]],[0,"2fKx/okmFVvJTlIj4POw69",null,null,null,1,0],[3,-0.7071067811865476,0,0,0.7071067811865476],[1,-90.00000000000003,0,0]]],0,[0,2,1,0,1,1,0,-1,4,0,-2,7,0,-3,10,0,-4,13,0,-5,16,0,-6,19,0,-7,22,0,-8,25,0,-9,2,0,-10,28,0,-11,31,0,2,1,0,0,1,0,-13,32,0,0,2,0,0,2,0,0,2,0,0,2,0,0,2,0,0,2,0,0,2,0,0,2,0,0,3,0,-2,29,0,-3,30,0,-1,5,0,-1,6,0,0,6,0,-1,8,0,-1,9,0,0,9,0,-1,11,0,-1,12,0,0,12,0,-1,14,0,-1,15,0,0,15,0,-1,17,0,-1,18,0,0,18,0,-1,20,0,-1,21,0,0,21,0,-1,23,0,-1,24,0,0,24,0,-1,26,0,-1,27,0,0,27,0,0,29,0,0,30,0,0,31,0,1,32,0,3,1,3,0,28,55],[0,0,0,0,0,0,0,0,0],[-1,9,10,-1,-2,-3,-4,-5,11],[4,5,6,0,7,8,9,10,0]]]]
